date (yyyy-MM-dd HH:mm:ss),windAlg.Spd_2m_kt,windAlg.Dir_2m,windAlg.GustAv_10m_kt,windAlg.SpdX_2m_kt,ALgt_1m_cd/m2,windAlg.Spd_10m_kt,windAlg.Dir_10m,windAlg.DirCCw_10m,windAlg.DirCw_10m,windAlg.Peak_10m_kt,zenoAlg.AT_5m_C,zenoAlg.DP_5m_C,zenoAlg.RH_5m,baroAlg.QNH_1m_mb,baroAlg.QFE_1m_mb,baroAlg.BPLow_1m_mb,visiAlg.F_Vis_1m_m,visiAlg.F_Vis_10m_m,visiAlg.VisMn_10m_m,visiAlg.VisMx_10m_m,runway,touchdown.message,rollout.message,touchdown.edge,touchdown.center,ceilAlg.Base_30s_ft,ceilAlg.layer1_report,ceilAlg.layer2_report,ceilAlg.layer3_report,ceilAlg.layer4_report,visiAlg.PW_METAR,zenoAlg.AT_5m_C,zenoAlg.RH_5m,baroAlg.BPLow_1m_Mb,windAlg.Dir_2m,windAlg.Spd_2m_kt,ALgt_1m_cd/m2
2023-01-25 00:00:15,2.2,300,,0.7,3807,2.2,280,207.0,312.0,3.3,27.1,27.1,100.0,1006.8,1006.4,1006.3,11190,9000,9420,11190,,M,M,,,491,SCT005,SCT010,OVC017,,BR,27.1,100.0,,300,2.2,3807
2023-01-25 00:01:15,2.2,304,,0.9,3819,2.2,286,236.0,314.0,3.3,27.1,27.1,100.0,1006.8,1006.4,1006.3,10760,9999,9420,11190,,M,M,,,442,SCT005,SCT010,OVC017,,None,27.1,100.0,,304,2.2,3819
2023-01-25 00:02:15,1.9,298,,0.6,3828,2.2,289,236.0,318.0,3.3,27.1,27.1,100.0,1006.8,1006.4,1006.3,10570,9999,9420,11190,,M,M,,,458,SCT005,SCT010,OVC017,,None,27.1,100.0,,298,1.9,3828
2023-01-25 00:03:15,1.7,291,,0.3,3834,2.2,292,251.0,318.0,3.3,27.1,27.1,100.0,1006.8,1006.4,1006.3,10540,9999,9480,11190,,M,M,,,1508,SCT005,SCT010,OVC017,,None,27.1,100.0,,291,1.7,3834
2023-01-25 00:04:15,1.5,291,,0.3,3837,2.1,292,249.0,320.0,3.3,27.1,27.1,100.0,1006.8,1006.4,1006.4,11000,9999,9480,11190,,M,M,,,1737,SCT005,OVC017,,,None,27.1,100.0,,291,1.5,3837
2023-01-25 00:05:15,1.9,287,,0.2,3838,2.1,291,249.0,320.0,3.3,27.1,27.1,100.0,1006.8,1006.5,1006.4,10790,9999,9840,11190,,M,M,,,1622,SCT005,OVC017,,,None,27.1,100.0,,287,1.9,3838
2023-01-25 00:06:15,2.3,279,,0.0,3838,2.1,291,249.0,320.0,3.2,27.1,27.1,100.0,1006.8,1006.5,1006.4,11450,9999,9840,11450,,M,M,,,0,SCT005,OVC017,,,None,27.1,100.0,,279,2.3,3838
2023-01-25 00:07:15,2.2,282,,0.1,3847,2.1,291,249.0,320.0,3.0,27.2,27.2,100.0,1006.8,1006.5,1006.5,11330,9999,9840,11450,,M,M,,,0,SCT005,BKN017,,,None,27.2,100.0,,282,2.2,3847
2023-01-25 00:08:15,1.9,286,,0.2,3861,2.0,291,249.0,320.0,2.9,27.2,27.2,100.0,1006.8,1006.6,1006.5,11440,9999,10540,11450,,M,M,,,1606,SCT005,BKN017,,,None,27.2,100.0,,286,1.9,3861
2023-01-25 00:09:15,1.8,276,,0.1,3875,1.9,288,249.0,320.0,2.9,27.2,27.2,100.0,1006.8,1006.6,1006.6,11500,9999,10540,11500,,M,M,,,1819,SCT005,OVC017,,,None,27.2,100.0,,276,1.8,3875
2023-01-25 00:10:15,1.7,274,,0.2,3887,1.9,286,238.0,329.0,2.9,27.2,27.2,100.0,1007.1,1006.6,1006.6,11440,9999,10540,11500,,M,M,,,1606,FEW005,OVC017,,,None,27.2,100.0,,274,1.7,3887
2023-01-25 00:11:15,2.2,295,,0.6,3896,2.0,286,238.0,329.0,3.7,27.3,27.3,100.0,1007.1,1006.7,1006.6,11150,9999,10540,11500,,M,M,,,672,FEW005,OVC017,,,None,27.3,100.0,,295,2.2,3896
2023-01-25 00:12:15,2.9,299,,0.9,3905,2.1,286,238.0,329.0,3.7,27.3,27.3,100.0,1007.1,1006.7,1006.6,12440,9999,10540,12440,,M,M,,,557,FEW005,OVC017,,,None,27.3,100.0,,299,2.9,3905
2023-01-25 00:13:15,3.0,286,,0.3,3924,2.2,285,238.0,329.0,3.8,27.4,27.4,100.0,1007.1,1006.7,1006.7,11860,9999,10790,12440,,M,M,,,458,SCT005,OVC017,,,None,27.4,100.0,,286,3.0,3924
2023-01-25 00:14:15,2.8,280,,0.1,3950,2.3,284,238.0,329.0,3.8,27.4,27.4,100.0,1007.1,1006.7,1006.7,11950,9999,10790,12440,,M,M,,,458,SCT005,OVC017,,,None,27.4,100.0,,280,2.8,3950
2023-01-25 00:15:15,2.9,277,,0.2,3981,2.4,283,238.0,329.0,4.3,27.4,27.4,100.0,1007.1,1006.7,1006.7,12440,9999,11150,12440,,M,M,,,442,SCT005,OVC017,,,None,27.4,100.0,,277,2.9,3981
2023-01-25 00:16:15,2.8,286,,0.3,4018,2.4,285,238.0,329.0,4.3,27.5,27.5,100.0,1007.1,1006.7,1006.7,13350,9999,11150,13350,,M,M,,,590,SCT005,OVC017,,,None,27.5,100.0,,286,2.8,4018
2023-01-25 00:17:15,3.2,294,,0.8,4056,2.6,285,238.0,329.0,4.7,27.5,27.5,100.0,1007.1,1006.8,1006.7,12460,9999,11150,13350,,M,M,,,491,SCT005,OVC017,,,None,27.5,100.0,,294,3.2,4056
2023-01-25 00:18:15,4.2,286,,0.4,4098,2.9,285,238.0,329.0,5.4,27.5,27.5,100.0,1007.1,1006.8,1006.7,12570,9999,11150,13350,,M,M,,,442,SCT005,OVC017,,,None,27.5,100.0,,286,4.2,4098
2023-01-25 00:19:15,4.6,282,,0.2,4139,3.2,286,238.0,329.0,5.4,27.5,27.5,100.0,1007.1,1006.8,1006.7,12900,9999,11150,13350,,M,M,,,409,BKN005,OVC017,,,None,27.5,100.0,,282,4.6,4139
2023-01-25 00:20:15,4.3,280,,0.1,4180,3.4,286,258.0,316.0,5.4,27.5,27.5,100.0,1007.1,1006.8,1006.7,13120,9999,11150,13350,,M,M,,,393,BKN005,OVC017,,,None,27.5,100.0,,280,4.3,4180
2023-01-25 00:21:15,4.2,272,,0.6,4215,3.6,282,255.0,309.0,5.4,27.5,27.5,100.0,1007.1,1006.8,1006.7,13390,9999,11860,13390,,M,M,,,1671,BKN005,OVC017,,,None,27.5,100.0,,272,4.2,4215
2023-01-25 00:22:15,4.0,263,,1.2,4253,3.6,279,250.0,309.0,5.4,27.5,27.5,100.0,1007.1,1006.8,1006.8,12180,9999,11860,13390,,M,M,,,524,BKN005,OVC017,,,None,27.5,100.0,,263,4.0,4253
2023-01-25 00:23:15,3.7,256,,1.5,4290,3.7,276,247.0,309.0,5.4,27.5,27.5,100.0,1007.1,1006.9,1006.8,11630,9999,11630,13390,,M,M,,,1721,BKN005,OVC017,,,None,27.5,100.0,,256,3.7,4290
2023-01-25 00:24:15,3.9,253,,1.8,4326,3.8,274,246.0,309.0,5.4,27.6,27.6,100.0,1007.1,1006.9,1006.8,11080,9999,11080,13390,,M,M,,,754,BKN005,OVC017,,,None,27.6,100.0,,253,3.9,4326
2023-01-25 00:25:15,4.4,252,,2.1,4362,4.0,271,244.0,309.0,5.5,27.6,27.6,100.0,1007.1,1006.9,1006.8,10640,9999,10640,13390,,M,M,,,672,BKN005,OVC017,,,None,27.6,100.0,,252,4.4,4362
2023-01-25 00:26:15,4.6,253,,2.1,4401,4.2,267,244.0,301.0,5.5,27.6,27.6,100.0,1007.1,1006.9,1006.9,10760,9999,10640,13390,,M,M,,,1721,BKN005,OVC017,,,None,27.6,100.0,,253,4.6,4401
2023-01-25 00:27:15,4.6,252,,2.2,4447,4.3,263,238.0,293.0,5.5,27.7,27.7,100.0,1007.1,1006.9,1006.9,10410,9999,10410,13390,,M,M,,,360,BKN005,OVC017,,,None,27.7,100.0,,252,4.6,4447
2023-01-25 00:28:15,4.6,250,,2.3,4493,4.3,260,238.0,293.0,5.5,27.7,27.7,100.0,1007.1,1006.9,1006.9,10600,9999,10410,13390,,M,M,,,442,BKN005,OVC017,,,None,27.7,100.0,,250,4.6,4493
2023-01-25 00:29:15,4.9,250,,2.4,4539,4.4,256,238.0,293.0,5.5,27.7,27.7,100.0,1007.5,1007.0,1006.9,10740,9999,10410,13390,,M,M,,,442,BKN005,OVC017,,,None,27.7,100.0,,250,4.9,4539
2023-01-25 00:30:15,4.9,251,,2.4,4582,4.4,254,238.0,277.0,5.6,27.7,27.7,100.0,1007.5,1007.0,1006.9,10520,9999,10410,13390,,M,M,,,639,BKN005,OVC017,,,None,27.7,100.0,,251,4.9,4582
2023-01-25 00:31:15,4.8,253,,2.2,4625,4.5,253,238.0,277.0,5.6,27.8,27.8,100.0,1007.5,1007.0,1006.9,10350,9999,10350,12180,,M,M,,,426,BKN005,OVC017,,,None,27.8,100.0,,253,4.8,4625
2023-01-25 00:32:15,4.7,255,,2.0,4667,4.6,252,238.0,263.0,5.6,27.8,27.8,100.0,1007.5,1007.0,1006.9,9490,9999,9490,11630,,M,M,,,622,BKN005,OVC017,,,None,27.8,100.0,,255,4.7,4667
2023-01-25 00:33:15,4.7,254,,2.1,4715,4.7,252,238.0,263.0,5.6,27.8,27.8,100.0,1007.5,1007.0,1006.9,8780,9999,8780,11080,,M,M,,,524,BKN005,OVC017,,,None,27.8,100.0,,254,4.7,4715
2023-01-25 00:34:15,4.8,252,,2.3,4765,4.7,252,238.0,263.0,5.6,27.8,27.8,100.0,1007.5,1007.0,1006.9,9150,9999,8780,10760,,M,M,,,475,BKN005,OVC017,,,None,27.8,100.0,,252,4.8,4765
2023-01-25 00:35:15,4.4,252,,2.1,4814,4.7,252,238.0,263.0,5.6,27.8,27.8,100.0,1007.5,1007.0,1006.9,8910,9000,8780,10760,,M,M,,,606,BKN005,OVC017,,,BR,27.8,100.0,,252,4.4,4814
2023-01-25 00:36:15,3.8,256,,1.5,4858,4.6,253,238.0,278.0,5.6,27.8,27.8,100.0,1007.5,1007.0,1006.9,8640,9000,8640,10740,,M,M,,,524,BKN005,OVC017,,,BR,27.8,100.0,,256,3.8,4858
2023-01-25 00:37:15,3.7,256,,1.5,4921,4.5,253,241.0,278.0,5.6,27.8,27.8,100.0,1007.5,1007.0,1006.9,8110,9000,8110,10740,,M,M,,,442,BKN005,OVC017,,,BR,27.8,100.0,,256,3.7,4921
2023-01-25 00:38:15,3.6,250,,1.8,4993,4.4,253,241.0,278.0,5.6,27.8,27.8,100.0,1007.5,1007.0,1006.9,8070,9000,8070,10740,,M,M,,,590,BKN005,OVC017,,,BR,27.8,100.0,,250,3.6,4993
2023-01-25 00:39:15,3.9,261,,1.3,5078,4.3,255,241.0,280.0,5.6,27.8,27.8,100.0,1007.5,1007.0,1006.9,8060,8000,8060,10520,,M,M,,,590,BKN005,OVC017,,,BR,27.8,100.0,,261,3.9,5078
2023-01-25 00:40:15,4.6,268,,1.0,5171,4.3,256,241.0,280.0,5.7,27.8,27.8,100.0,1007.5,1007.0,1006.9,8360,8000,8060,10350,,M,M,,,868,BKN005,OVC017,,,BR,27.8,100.0,,268,4.6,5171
2023-01-25 00:41:15,4.2,262,,1.3,5262,4.2,257,241.0,280.0,5.7,27.8,27.8,100.0,1007.5,1007.0,1006.9,7940,8000,7940,9490,,M,M,,,426,BKN005,OVC017,,,BR,27.8,100.0,,262,4.2,5262
2023-01-25 00:42:15,3.9,257,,1.5,5343,4.1,257,240.0,280.0,5.7,27.8,27.8,100.0,1007.5,1007.0,1006.9,8000,8000,7940,9150,,M,M,,,672,BKN005,OVC017,,,BR,27.8,100.0,,257,3.9,5343
2023-01-25 00:43:15,4.5,250,,2.2,5411,4.1,256,237.0,280.0,6.0,27.9,27.9,100.0,1007.5,1007.0,1006.9,7350,8000,7350,9150,,M,M,,,1753,BKN005,OVC017,,,BR,27.9,100.0,,250,4.5,5411
2023-01-25 00:44:15,4.4,251,,2.1,5481,4.0,256,237.0,280.0,6.0,27.9,27.9,100.0,1007.5,1007.0,1006.9,7650,8000,7350,8910,,M,M,,,426,BKN005,OVC017,,,BR,27.9,100.0,,251,4.4,5481
2023-01-25 00:45:15,4.0,263,,1.2,5571,4.0,258,237.0,306.0,6.0,27.9,27.9,100.0,1007.5,1007.0,1006.9,7800,7000,7350,8640,,M,M,,,573,BKN005,OVC017,,,BR,27.9,100.0,,263,4.0,5571
2023-01-25 00:46:15,3.8,281,,0.1,5642,4.0,261,237.0,308.0,6.0,28.0,28.0,100.0,1007.5,1007.0,1006.9,7750,7000,7350,8360,,M,M,,,1803,BKN005,OVC017,,,BR,28.0,100.0,,281,3.8,5642
2023-01-25 00:47:15,4.3,290,,0.7,5708,4.2,265,237.0,308.0,6.3,28.1,28.1,100.0,1007.5,1007.0,1006.9,7690,7000,7350,8360,,M,M,,,573,BKN005,OVC017,,,BR,28.1,100.0,,290,4.3,5708
2023-01-25 00:48:15,4.7,285,,0.4,5737,4.3,268,237.0,308.0,6.3,28.1,28.1,100.0,1007.5,1007.0,1006.9,7530,7000,7350,8360,,M,M,,,540,BKN005,OVC017,,,BR,28.1,100.0,,285,4.7,5737
2023-01-25 00:49:15,4.3,287,,0.5,5785,4.2,270,237.0,308.0,6.3,28.2,28.2,100.0,1007.5,1007.0,1006.9,7680,7000,7350,8360,,M,M,,,491,BKN005,OVC017,,,BR,28.2,100.0,,287,4.3,5785
2023-01-25 00:50:15,4.0,289,,0.6,5823,4.2,273,237.0,308.0,6.3,28.2,28.2,100.0,1007.5,1007.0,1006.9,7770,7000,7350,8000,,M,M,,,655,BKN005,OVC017,,,BR,28.2,100.0,,289,4.0,5823
2023-01-25 00:51:15,5.0,282,,0.2,5873,4.4,274,237.0,308.0,6.7,28.2,28.2,100.0,1007.5,1007.0,1007.0,8120,7000,7350,8120,,M,M,,,590,BKN005,OVC017,,,BR,28.2,100.0,,282,5.0,5873
2023-01-25 00:52:15,5.4,275,,0.5,5940,4.5,276,237.0,308.0,6.7,28.2,28.2,100.0,1007.5,1007.0,1007.0,6360,7000,6360,8120,,M,M,,,1622,BKN005,OVC017,,,BR,28.2,100.0,,275,5.4,5940
2023-01-25 00:53:15,4.8,276,,0.3,6003,4.5,280,246.0,308.0,6.7,28.2,28.2,100.0,1007.5,1007.0,1007.0,6230,7000,6230,8120,,M,M,,,524,BKN005,OVC017,,,BR,28.2,100.0,,276,4.8,6003
2023-01-25 00:54:15,4.9,269,,0.9,6048,4.6,280,246.0,308.0,6.7,28.2,28.2,100.0,1007.5,1007.0,1007.0,7710,7000,6230,8120,,M,M,,,1753,BKN005,OVC017,,,BR,28.2,100.0,,269,4.9,6048
2023-01-25 00:55:15,5.6,255,,2.4,6102,4.8,278,241.0,308.0,6.8,28.2,28.2,100.0,1007.5,1007.0,1006.9,7860,7000,6230,8120,,M,M,,,1737,BKN005,OVC017,,,BR,28.2,100.0,,255,5.6,6102
2023-01-25 00:56:15,5.0,247,,2.7,6156,4.8,273,241.0,307.0,6.8,28.3,28.3,100.0,1007.5,1007.0,1006.9,8950,7000,6230,8950,,M,M,,,590,BKN005,OVC017,,,BR,28.3,100.0,,247,5.0,6156
2023-01-25 00:57:15,4.0,245,,2.3,6205,4.7,269,228.0,307.0,6.8,28.3,28.3,100.0,1007.5,1007.0,1006.9,9010,7000,6230,9010,,M,M,,,688,BKN005,OVC017,,,BR,28.3,100.0,,245,4.0,6205
2023-01-25 00:58:15,4.1,251,,2.0,6283,4.7,266,228.0,307.0,6.8,28.4,28.4,100.0,1007.5,1007.0,1006.9,8940,7000,6230,9010,,M,M,,,590,BKN005,OVC017,,,BR,28.4,100.0,,251,4.1,6283
2023-01-25 00:59:15,4.7,259,,1.7,6356,4.8,263,228.0,307.0,6.8,28.5,28.5,100.0,1007.1,1007.0,1006.9,9080,7000,6230,9080,,M,M,,,442,BKN005,OVC017,,,BR,28.5,100.0,,259,4.7,6356
2023-01-25 01:00:15,5.5,262,,1.7,6436,5.0,261,228.0,295.0,6.8,28.6,28.6,100.0,1007.1,1007.0,1006.9,10050,8000,6230,10050,,M,M,,,573,BKN005,OVC017,,,BR,28.6,100.0,,262,5.5,6436
2023-01-25 01:01:15,5.8,261,,1.9,6494,5.0,259,228.0,295.0,7.0,28.7,28.7,100.0,1007.5,1007.0,1006.9,10810,8000,6230,10810,,M,M,,,426,BKN005,OVC017,,,BR,28.7,100.0,,261,5.8,6494
2023-01-25 01:02:15,5.8,257,,2.3,6524,5.1,257,228.0,286.0,7.1,28.7,28.7,100.0,1007.1,1006.9,1006.9,9880,8000,6230,10810,,M,M,,,786,BKN005,OVC017,,,BR,28.7,100.0,,257,5.8,6524
2023-01-25 01:03:15,5.4,254,,2.4,6550,5.1,255,228.0,283.0,7.1,28.7,28.7,100.0,1007.1,1006.9,1006.9,9100,9000,7710,10810,,M,M,,,622,BKN005,OVC017,,,BR,28.7,100.0,,254,5.4,6550
2023-01-25 01:04:15,4.9,270,,0.9,6596,5.1,257,228.0,297.0,7.1,28.7,28.7,100.0,1007.1,1006.9,1006.9,8540,9000,7860,10810,,M,M,,,639,BKN005,BKN009,OVC017,,BR,28.7,100.0,,270,4.9,6596
2023-01-25 01:05:15,4.5,286,,0.5,6683,4.9,261,228.0,297.0,7.1,28.6,28.6,100.0,1007.1,1007.0,1006.9,8440,9000,8440,10810,,M,M,,,836,BKN005,OVC017,,,BR,28.6,100.0,,286,4.5,6683
2023-01-25 01:06:15,4.0,279,,0.1,6747,4.8,264,228.0,297.0,7.1,28.6,28.6,100.0,1007.5,1007.0,1006.9,8150,9000,8150,10810,,M,M,,,590,BKN005,OVC017,,,BR,28.6,100.0,,279,4.0,6747
2023-01-25 01:07:15,4.6,273,,0.6,6791,5.0,267,240.0,297.0,7.1,28.6,28.6,100.0,1007.5,1007.0,1006.9,8010,9000,8010,10810,,M,M,,,458,BKN005,OVC017,,,BR,28.6,100.0,,273,4.6,6791
2023-01-25 01:08:15,4.3,269,,0.8,6842,4.9,267,240.0,297.0,7.1,28.6,28.6,100.0,1007.5,1007.0,1006.9,8740,9000,8010,10810,,M,M,,,573,BKN005,OVC017,,,BR,28.6,100.0,,269,4.3,6842
2023-01-25 01:09:15,4.4,269,,0.8,6891,4.9,269,240.0,297.0,7.1,28.6,28.6,100.0,1007.5,1007.0,1006.9,9940,9000,8010,10810,,M,M,,,1753,BKN005,OVC017,,,BR,28.6,100.0,,269,4.4,6891
2023-01-25 01:10:15,5.5,280,,0.1,6913,4.9,271,240.0,297.0,7.1,28.7,28.7,100.0,1007.5,1007.0,1006.9,10030,9000,8010,10810,,M,M,,,442,BKN005,OVC017,,,BR,28.7,100.0,,280,5.5,6913
2023-01-25 01:11:15,5.2,287,,0.6,6935,4.8,274,240.0,300.0,7.0,28.8,28.8,100.0,1007.5,1007.0,1006.9,10780,9000,8010,10780,,M,M,,,1573,BKN005,OVC017,,,BR,28.8,100.0,,287,5.2,6935
2023-01-25 01:12:15,4.8,285,,0.4,6962,4.7,277,240.0,300.0,7.0,28.8,28.8,100.0,1007.5,1007.0,1006.9,10730,9000,8010,10780,,M,M,,,426,BKN005,OVC017,,,BR,28.8,100.0,,285,4.8,6962
2023-01-25 01:13:15,4.5,284,,0.3,7001,4.6,280,252.0,314.0,7.0,28.8,28.8,100.0,1007.5,1007.0,1006.9,10540,9000,8010,10780,,M,M,,,426,BKN005,OVC017,,,BR,28.8,100.0,,284,4.5,7001
2023-01-25 01:14:15,4.0,275,,0.3,7010,4.5,278,252.0,314.0,7.0,28.9,28.9,99.9,1007.5,1007.0,1006.9,10490,9000,8010,10780,,M,M,,,852,BKN005,OVC017,,,BR,28.9,99.9,,275,4.0,7010
2023-01-25 01:15:15,4.0,260,,1.4,7027,4.5,275,243.0,314.0,7.0,28.9,28.9,99.9,1007.5,1007.0,1006.9,9910,9000,8010,10780,,M,M,,,688,BKN005,OVC017,,,BR,28.9,99.9,,260,4.0,7027
2023-01-25 01:16:15,4.9,254,,2.1,7048,4.7,273,243.0,314.0,7.0,29.0,29.0,99.9,1007.5,1007.0,1006.9,9870,9000,8010,10780,,M,M,,,426,BKN005,OVC017,,,BR,29.0,99.9,,254,4.9,7048
2023-01-25 01:17:15,5.5,254,,2.4,7055,4.7,271,228.0,314.0,7.0,29.0,29.0,100.0,1007.5,1007.0,1006.9,9490,9999,8740,10780,,M,M,,,590,BKN005,OVC017,,,None,29.0,100.0,,254,5.5,7055
2023-01-25 01:18:15,5.3,261,,1.7,7066,4.9,271,228.0,314.0,7.0,29.1,29.1,100.0,1007.5,1007.0,1006.9,9150,9999,9150,10780,,M,M,,,737,BKN005,OVC017,,,None,29.1,100.0,,261,5.3,7066
2023-01-25 01:19:15,5.0,261,,1.6,7101,4.8,269,228.0,314.0,6.7,29.0,29.0,100.0,1007.1,1006.9,1006.9,8480,9000,8480,10780,,M,M,,,540,BKN005,OVC017,,,BR,29.0,100.0,,261,5.0,7101
2023-01-25 01:20:15,4.5,268,,0.9,7144,4.7,269,228.0,314.0,6.6,29.0,29.0,100.0,1007.1,1006.9,1006.9,8630,9000,8480,10780,,M,M,,,1376,BKN005,OVC017,,,BR,29.0,100.0,,268,4.5,7144
2023-01-25 01:21:15,3.5,283,,0.2,7185,4.5,269,228.0,314.0,6.5,29.0,29.0,99.9,1007.1,1006.9,1006.9,9650,9000,8480,10730,,M,M,,,1098,BKN005,BKN010,OVC017,,BR,29.0,99.9,,283,3.5,7185
2023-01-25 01:22:15,4.2,278,,0.1,7195,4.6,267,228.0,314.0,7.2,29.0,29.0,99.9,1007.1,1006.9,1006.9,9360,9000,8480,10540,,M,M,,,508,BKN005,OVC010,,,BR,29.0,99.9,,278,4.2,7195
2023-01-25 01:23:15,5.2,272,,0.7,7212,4.6,266,228.0,306.0,7.2,29.1,29.1,99.9,1007.1,1006.9,1006.9,10720,9000,8480,10720,,M,M,,,426,BKN005,OVC010,,,BR,29.1,99.9,,272,5.2,7212
2023-01-25 01:24:15,5.2,283,,0.3,7213,4.8,269,228.0,306.0,7.4,29.2,29.1,99.7,1007.1,1006.9,1006.9,11660,9000,8480,11660,,M,M,,,442,BKN005,OVC010,,,BR,29.2,99.7,,283,5.2,7213
2023-01-25 01:25:15,4.8,295,,1.2,7209,4.8,273,228.0,308.0,7.4,29.3,29.2,99.5,1007.1,1006.9,1006.9,11050,9000,8480,11660,,M,M,,,442,OVC005,,,,BR,29.3,99.5,,295,4.8,7209
2023-01-25 01:26:15,3.1,300,,1.1,7207,4.4,278,228.0,315.0,7.4,29.3,29.2,99.4,1007.1,1006.9,1006.9,11320,9000,8480,11660,,M,M,,,458,OVC005,,,,BR,29.3,99.4,,300,3.1,7207
2023-01-25 01:27:15,1.8,313,,1.0,7205,4.0,285,250.0,340.0,7.4,29.3,29.2,99.3,1007.1,1006.9,1006.9,11430,9999,8480,11660,,M,M,,,786,OVC005,,,,None,29.3,99.3,,313,1.8,7205
2023-01-25 01:28:15,1.4,303,,0.5,7206,3.7,286,250.0,340.0,7.4,29.3,29.2,99.3,1007.1,1006.9,1006.9,10300,9999,8480,11660,,M,M,,,442,OVC005,,,,None,29.3,99.3,,303,1.4,7206
2023-01-25 01:29:15,2.5,270,,0.4,7220,3.5,287,248.0,340.0,7.4,29.3,29.2,99.4,1007.1,1006.9,1006.9,10330,9999,8630,11660,,M,M,,,721,OVC005,,,,None,29.3,99.4,,270,2.5,7220
2023-01-25 01:30:15,4.0,264,,1.1,7259,3.6,285,248.0,340.0,7.4,29.3,29.2,99.5,1007.1,1006.9,1006.8,10770,9999,9360,11660,,M,M,,,540,OVC005,,,,None,29.3,99.5,,264,4.0,7259
2023-01-25 01:31:15,5.4,264,,1.5,7304,3.9,283,248.0,340.0,7.9,29.4,29.3,99.6,1007.1,1006.9,1006.8,10690,9999,9360,11660,,M,M,,,442,OVC005,,,,None,29.4,99.6,,264,5.4,7304
2023-01-25 01:32:15,5.5,255,,2.3,7338,3.8,281,234.0,340.0,7.9,29.4,29.2,99.2,1007.1,1006.9,1006.8,11260,9999,10300,11660,,M,M,,,803,OVC005,,,,None,29.4,99.2,,255,5.5,7338
2023-01-25 01:33:15,4.7,243,,2.8,7402,3.8,277,224.0,340.0,7.9,29.5,29.2,98.9,1007.1,1006.9,1006.8,11550,9999,10300,11660,,M,M,,,721,OVC005,,,,None,29.5,98.9,,243,4.7,7402
2023-01-25 01:34:15,4.8,242,,3.0,7266,3.8,272,224.0,340.0,7.9,29.5,29.2,98.6,1007.1,1006.9,1006.8,11640,9999,10300,11640,,M,M,,,704,OVC005,,,,None,29.5,98.6,,242,4.8,7266
2023-01-25 01:35:15,3.7,248,,2.0,7136,3.6,267,224.0,340.0,7.9,29.4,29.1,98.3,1007.1,1006.9,1006.8,11550,9999,10300,11640,,M,M,,,1671,BKN005,OVC017,,,None,29.4,98.3,,248,3.7,7136
2023-01-25 01:36:15,2.1,266,,0.5,7481,3.6,265,224.0,340.0,7.9,29.3,29.0,98.0,1007.1,1006.9,1006.8,11190,9999,10300,11640,,M,M,,,426,BKN005,OVC017,,,None,29.3,98.0,,266,2.1,7481
2023-01-25 01:37:15,2.5,279,,0.0,7503,3.8,261,224.0,308.0,7.9,29.2,29.0,98.2,1007.1,1006.9,1006.8,11000,9999,10300,11640,,M,M,,,2081,BKN005,OVC017,,,None,29.2,98.2,,279,2.5,7503
2023-01-25 01:38:15,3.9,272,,0.5,7519,4.1,260,224.0,308.0,7.9,29.2,28.9,98.3,1007.1,1006.9,1006.8,12010,9999,10330,12010,,M,M,,,2114,BKN005,OVC019,,,None,29.2,98.3,,272,3.9,7519
2023-01-25 01:39:15,3.6,270,,0.6,7509,4.0,261,224.0,308.0,7.9,29.2,28.9,98.2,1007.1,1006.9,1006.8,11150,9999,10690,12010,,M,M,,,2212,BKN005,BKN017,OVC022,,None,29.2,98.2,,270,3.6,7509
2023-01-25 01:40:15,3.4,281,,0.1,7454,3.9,263,224.0,323.0,7.9,29.2,28.9,98.4,1007.1,1006.9,1006.8,11090,9999,10690,12010,,M,M,,,1999,BKN005,BKN017,OVC022,,None,29.2,98.4,,281,3.4,7454
2023-01-25 01:41:15,4.6,310,,2.3,7447,3.8,269,224.0,340.0,10.4,29.3,28.9,98.1,1007.1,1006.8,1006.8,13070,9999,11000,13070,,M,M,,,1114,BKN005,BKN012,BKN017,OVC022,None,29.3,98.1,,310,4.6,7447
2023-01-25 01:42:15,4.8,326,,3.5,7365,3.8,277,224.0,341.0,10.4,29.4,28.9,97.5,1007.1,1006.8,1006.8,15580,9999,11000,15580,,M,M,,,2016,BKN005,BKN012,OVC020,,None,29.4,97.5,,326,4.8,7365
2023-01-25 01:43:15,4.1,330,,3.1,7316,3.7,287,229.0,350.0,10.4,29.4,28.8,97.0,1007.1,1006.8,1006.8,15980,9999,11000,15980,,M,M,,,1376,BKN005,BKN012,OVC020,,None,29.4,97.0,,330,4.1,7316
2023-01-25 01:44:15,2.7,328,,2.0,7300,3.4,295,230.0,356.0,10.4,29.4,28.8,96.6,1007.1,1006.9,1006.8,16220,9999,11000,16220,,M,M,,,2212,BKN005,BKN012,BKN017,OVC022,None,29.4,96.6,,328,2.7,7300
2023-01-25 01:45:15,2.1,344,,1.9,7266,3.4,306,230.0,36.0,10.4,29.4,28.8,96.1,1007.1,1006.9,1006.8,16120,9999,11000,16220,,M,M,,,2262,BKN005,BKN012,BKN017,OVC022,None,29.4,96.1,,344,2.1,7266
2023-01-25 01:46:15,2.2,24,,2.1,7177,3.4,315,230.0,90.0,10.4,29.4,28.7,95.7,1007.1,1006.9,1006.8,14360,9999,11000,16220,,M,M,,,2065,SCT005,BKN012,BKN017,OVC022,None,29.4,95.7,,24,2.2,7177
2023-01-25 01:47:15,2.0,27,,1.9,7102,3.3,325,243.0,90.0,10.4,29.4,28.8,95.9,1007.1,1006.9,1006.8,15910,9999,11090,16220,,M,M,,,2180,SCT005,BKN012,BKN017,OVC022,None,29.4,95.9,,27,2.0,7102
2023-01-25 01:48:15,3.5,345,,3.2,7096,3.3,331,243.0,90.0,10.4,29.4,28.8,95.7,1007.1,1006.9,1006.8,17140,9999,11090,17140,,M,M,,,2245,SCT005,BKN012,BKN017,OVC022,None,29.4,95.7,,345,3.5,7096
2023-01-25 01:49:15,4.4,329,,3.3,7168,3.4,337,275.0,90.0,10.4,29.5,28.7,95.3,1007.1,1006.9,1006.8,18960,9999,11090,18960,,M,M,,,2393,SCT005,SCT012,BKN017,OVC022,None,29.5,95.3,,329,4.4,7168
2023-01-25 01:50:15,3.8,326,,2.7,7236,3.4,340,285.0,90.0,10.4,29.5,28.6,94.9,1007.1,1006.9,1006.8,18140,9999,13070,18960,,M,M,,,1376,SCT005,SCT012,BKN017,OVC022,None,29.5,94.9,,326,3.8,7236
2023-01-25 01:51:15,2.9,319,,1.8,7236,3.1,339,285.0,90.0,7.3,29.6,28.6,94.4,1007.1,1006.9,1006.9,19140,9999,14360,19140,,M,M,,,1065,SCT005,SCT012,BKN017,OVC022,None,29.6,94.4,,319,2.9,7236
2023-01-25 01:52:15,2.3,325,,1.6,7253,2.9,340,279.0,90.0,7.3,29.6,28.3,93.3,1007.1,1006.9,1006.8,18400,9999,14360,19140,,M,M,,,1770,SCT005,SCT012,BKN017,OVC022,None,29.6,93.3,,325,2.3,7253
2023-01-25 01:53:15,3.7,340,,3.2,7291,3.0,341,279.0,90.0,7.3,29.7,28.2,92.2,1007.1,1006.9,1006.8,18160,9999,14360,19140,,M,M,,,1344,SCT005,BKN015,OVC022,,None,29.7,92.2,,340,3.7,7291
2023-01-25 01:54:15,5.4,350,,5.1,7329,3.4,345,279.0,90.0,7.3,29.8,27.9,90.2,1007.1,1006.9,1006.8,19330,9999,14360,19330,,M,M,,,1458,SCT005,BKN015,OVC022,,None,29.8,90.2,,350,5.4,7329
2023-01-25 01:55:15,4.2,1,,4.1,7414,3.4,345,279.0,90.0,7.3,29.9,27.5,87.7,1007.1,1006.9,1006.8,18160,9999,14360,19330,,M,M,,,1458,FEW005,BKN015,OVC022,,None,29.9,87.7,,1,4.2,7414
2023-01-25 01:56:15,2.9,19,,2.9,7436,3.6,345,279.0,60.0,7.3,29.9,27.3,86.0,1007.1,1006.9,1006.8,18570,9999,15910,19330,,M,M,,,1163,FEW005,BKN015,OVC022,,None,29.9,86.0,,19,2.9,7436
2023-01-25 01:57:15,3.6,19,,3.6,7456,3.8,345,279.0,52.0,7.3,30.0,27.2,84.2,1007.1,1006.8,1006.8,18590,9999,17140,19330,,M,M,,,1049,FEW005,BKN015,OVC022,,None,30.0,84.2,,19,3.6,7456
2023-01-25 01:58:15,4.2,333,,3.4,7511,3.7,342,279.0,52.0,6.8,30.1,27.0,82.7,1007.1,1006.8,1006.8,17780,9999,17780,19330,,M,M,,,1409,FEW005,BKN015,OVC022,,None,30.1,82.7,,333,4.2,7511
2023-01-25 01:59:15,4.0,303,,1.6,7575,3.7,340,279.0,52.0,6.8,30.1,26.9,81.8,1007.1,1006.8,1006.8,18550,9999,17780,19330,,M,M,,,1245,FEW005,BKN015,OVC022,,None,30.1,81.8,,303,4.0,7575
2023-01-25 02:00:15,4.3,309,,2.1,7634,3.8,339,279.0,52.0,6.9,30.1,26.9,81.5,1007.1,1006.8,1006.8,19470,9999,17780,19470,,M,M,,,442,FEW005,BKN015,OVC022,,None,30.1,81.5,,309,4.3,7634
2023-01-25 02:01:15,3.9,304,,1.6,7654,3.9,337,279.0,52.0,6.9,30.1,26.8,80.9,1007.1,1006.8,1006.8,18920,9999,17780,19470,,M,M,,,1016,FEW005,BKN015,OVC022,,None,30.1,80.9,,304,3.9,7654
2023-01-25 02:02:15,4.5,317,,2.7,7653,4.3,337,283.0,52.0,10.0,30.1,26.6,80.6,1007.1,1006.8,1006.8,19000,9999,17780,19470,,M,M,,,1491,FEW005,BKN015,OVC022,,None,30.1,80.6,,317,4.5,7653
2023-01-25 02:03:15,5.8,348,,5.4,7671,4.3,338,283.0,52.0,10.0,30.2,26.6,80.4,1007.1,1006.8,1006.8,18000,9999,17780,19470,,M,M,,,2212,FEW005,BKN015,OVC022,,None,30.2,80.4,,348,5.8,7671
2023-01-25 02:04:15,4.9,331,,3.8,7658,4.2,333,283.0,52.0,10.0,30.1,26.6,80.4,1007.1,1006.8,1006.8,16370,9999,16370,19470,,M,M,,,2344,FEW005,BKN015,OVC022,,None,30.1,80.4,,331,4.9,7658
2023-01-25 02:05:15,4.3,323,,2.9,7668,4.3,330,283.0,52.0,10.0,30.1,26.6,80.6,1007.1,1006.9,1006.8,15080,9999,15080,19470,,M,M,,,1344,FEW005,BKN015,OVC022,,None,30.1,80.6,,323,4.3,7668
2023-01-25 02:06:15,4.7,354,,4.5,7615,4.5,328,283.0,26.0,10.6,30.2,26.5,80.5,1007.1,1006.8,1006.8,16470,9999,15080,19470,,M,M,,,2835,FEW005,BKN015,OVC022,,None,30.2,80.5,,354,4.7,7615
2023-01-25 02:07:15,5.6,3,,5.6,7542,4.7,328,283.0,26.0,10.6,30.1,26.5,80.5,1007.1,1006.8,1006.8,15290,9999,15080,19470,,M,M,,,2901,BKN015,BKN022,OVC029,,None,30.1,80.5,,3,5.6,7542
2023-01-25 02:08:15,5.9,2,,5.8,7514,4.8,335,283.0,28.0,10.6,30.1,26.4,80.6,1007.1,1006.9,1006.8,15600,9999,15080,19470,,M,M,,,2655,SCT015,BKN022,OVC029,,None,30.1,80.6,,2,5.9,7514
2023-01-25 02:09:15,5.5,20,,5.4,7522,5.0,344,291.0,41.0,10.6,30.1,26.5,80.9,1007.1,1006.9,1006.8,15430,9999,15080,19470,,M,M,,,2311,SCT015,BKN022,OVC029,,None,30.1,80.9,,20,5.5,7522
2023-01-25 02:10:15,6.2,28,,5.9,7559,5.2,352,291.0,41.0,10.6,30.2,26.4,80.4,1007.1,1006.8,1006.8,16670,9999,15080,19000,,M,M,,,2376,SCT015,BKN022,OVC029,,None,30.2,80.4,,28,6.2,7559
2023-01-25 02:11:15,6.2,18,,6.1,7649,5.5,359,294.0,41.0,10.6,30.2,26.4,80.1,1007.1,1006.9,1006.8,17310,9999,15080,19000,,M,M,,,2770,SCT015,BKN022,OVC029,,None,30.2,80.1,,18,6.2,7649
2023-01-25 02:12:15,5.8,5,,5.8,7699,5.5,1,294.0,41.0,10.6,30.3,26.4,79.5,1007.1,1006.9,1006.8,18160,9999,15080,18160,,M,M,,,2639,SCT013,BKN022,OVC029,,None,30.3,79.5,,5,5.8,7699
2023-01-25 02:13:15,4.9,1,,4.8,7737,5.3,2,296.0,41.0,10.6,30.3,26.4,78.8,1007.1,1006.9,1006.8,18490,9999,15080,18490,,M,M,,,2540,SCT013,BKN022,OVC029,,None,30.3,78.8,,1,4.9,7737
2023-01-25 02:14:15,3.6,353,,3.4,7838,5.2,4,307.0,41.0,10.6,30.3,26.2,78.1,1007.1,1006.9,1006.8,17440,9999,15080,18490,,M,M,,,2589,SCT013,BKN022,OVC029,,None,30.3,78.1,,353,3.6,7838
2023-01-25 02:15:15,4.7,336,,3.9,7945,5.4,4,312.0,41.0,10.6,30.3,26.1,77.9,1007.1,1006.9,1006.8,17960,9999,15290,18490,,M,M,,,2540,SCT013,BKN022,OVC029,,None,30.3,77.9,,336,4.7,7945
2023-01-25 02:16:15,5.7,338,,4.8,7913,5.4,1,312.0,41.0,9.5,30.2,26.1,77.9,1007.1,1006.9,1006.9,18570,9999,15290,18570,,M,M,,,2508,SCT013,OVC026,,,None,30.2,77.9,,338,5.7,7913
2023-01-25 02:17:15,4.6,339,,3.9,7909,5.2,359,312.0,41.0,8.8,30.3,26.0,77.8,1007.1,1006.9,1006.9,19660,9999,15430,19660,,M,M,,,2376,SCT013,OVC026,,,None,30.3,77.8,,339,4.6,7909
2023-01-25 02:18:15,4.5,351,,4.3,7924,5.1,359,312.0,41.0,8.8,30.3,26.0,77.7,1007.1,1006.9,1006.9,19180,9999,15430,19660,,M,M,,,2622,SCT013,BKN026,OVC030,,None,30.3,77.7,,351,4.5,7924
2023-01-25 02:19:15,5.9,4,,5.9,7962,5.2,355,312.0,38.0,8.8,30.4,26.0,77.5,1007.1,1006.9,1006.9,20000,9999,16670,20000,,M,M,,,2622,SCT013,BKN026,OVC030,,None,30.4,77.5,,4,5.9,7962
2023-01-25 02:20:15,6.4,0,,6.3,8022,5.2,353,312.0,38.0,8.9,30.5,26.0,76.9,1007.1,1006.9,1006.9,20000,9999,17310,20000,,M,M,,,2639,SCT013,BKN026,OVC030,,None,30.5,76.9,,0,6.4,8022
2023-01-25 02:21:15,4.9,6,,4.9,8066,5.0,353,312.0,39.0,8.9,30.5,26.0,76.6,1007.1,1006.9,1006.9,20000,9999,17440,20000,,M,M,,,2852,FEW008,SCT013,BKN026,OVC030,None,30.5,76.6,,6,4.9,8066
2023-01-25 02:22:15,3.4,16,,3.4,8066,4.7,355,312.0,43.0,8.9,30.5,26.0,76.2,1007.1,1006.9,1006.9,20000,9999,17440,20000,,M,M,,,3048,FEW008,SCT013,BKN026,OVC030,None,30.5,76.2,,16,3.4,8066
2023-01-25 02:23:15,3.1,9,,3.1,8063,4.6,355,312.0,43.0,8.9,30.5,26.0,76.6,1007.1,1006.9,1006.8,20000,9999,17440,20000,,M,M,,,2999,FEW008,BKN026,OVC030,,None,30.5,76.6,,9,3.1,8063
2023-01-25 02:24:15,4.5,353,,4.3,7998,4.9,355,323.0,43.0,8.9,30.5,26.1,76.7,1007.1,1006.9,1006.8,20000,9999,17960,20000,,M,M,,,3786,FEW008,BKN026,OVC030,,None,30.5,76.7,,353,4.5,7998
2023-01-25 02:25:15,5.3,339,,4.5,7831,4.8,356,320.0,43.0,8.9,30.6,26.2,76.3,1007.1,1006.9,1006.8,20000,9999,18570,20000,,M,M,,,3311,FEW008,BKN026,OVC030,,None,30.6,76.3,,339,5.3,7831
2023-01-25 02:26:15,5.0,345,,4.5,7557,4.8,357,320.0,43.0,8.9,30.7,26.1,76.1,1007.1,1006.9,1006.8,20000,9999,19180,20000,,M,M,,,3524,FEW008,BKN026,BKN030,OVC036,None,30.7,76.1,,345,5.0,7557
2023-01-25 02:27:15,4.9,3,,4.9,7344,4.8,1,320.0,43.0,8.9,30.7,26.0,75.5,1007.1,1006.8,1006.8,20000,9999,19180,20000,,M,M,,,917,FEW008,BKN026,BKN030,OVC036,None,30.7,75.5,,3,4.9,7344
2023-01-25 02:28:15,5.0,5,,5.0,7278,4.9,360,320.0,43.0,8.9,30.7,25.8,74.5,1007.1,1006.8,1006.8,20000,9999,20000,20000,,M,M,,,3491,FEW008,BKN026,BKN030,OVC036,None,30.7,74.5,,5,5.0,7278
2023-01-25 02:29:15,5.3,357,,5.2,7250,4.7,359,320.0,43.0,8.9,30.7,25.7,73.8,1007.1,1006.8,1006.8,20000,9999,20000,20000,,M,M,,,3294,FEW013,BKN026,OVC036,,None,30.7,73.8,,357,5.3,7250
2023-01-25 02:30:15,5.2,353,,5.0,7256,4.6,358,320.0,43.0,7.5,30.5,25.7,74.0,1007.1,1006.8,1006.7,20000,9999,20000,20000,,M,M,,,3311,FEW011,BKN028,OVC036,,None,30.5,74.0,,353,5.2,7256
2023-01-25 02:31:15,5.4,348,,5.0,7269,4.8,356,320.0,43.0,8.0,30.4,25.5,74.1,1007.1,1006.8,1006.7,20000,9999,20000,20000,,M,M,,,2835,BKN028,OVC036,,,None,30.4,74.1,,348,5.4,7269
2023-01-25 02:32:15,6.0,350,,5.6,7370,5.1,353,320.0,24.0,8.6,30.3,25.6,75.0,1007.1,1006.7,1006.7,19410,9999,19410,20000,,M,M,,,3180,SCT025,OVC033,,,None,30.3,75.0,,350,6.0,7370
2023-01-25 02:33:15,5.1,351,,4.8,7535,5.2,352,320.0,24.0,8.6,30.3,25.6,75.5,1007.1,1006.7,1006.7,17700,9999,17700,20000,,M,M,,,2868,SCT025,BKN030,OVC036,,None,30.3,75.5,,351,5.1,7535
2023-01-25 02:34:15,3.7,342,,3.3,7574,5.0,351,320.0,24.0,8.6,30.2,25.7,76.2,1007.1,1006.7,1006.7,18510,9999,17700,20000,,M,M,,,2819,SCT025,BKN030,OVC036,,None,30.2,76.2,,342,3.7,7574
2023-01-25 02:35:15,4.7,349,,4.4,7620,5.1,354,320.0,24.0,8.6,30.2,25.7,76.5,1007.1,1006.7,1006.7,17820,9999,17700,20000,,M,M,,,3819,SCT025,BKN030,OVC036,,None,30.2,76.5,,349,4.7,7620
2023-01-25 02:36:15,6.3,3,,6.3,7785,5.2,354,325.0,24.0,8.6,30.2,25.8,76.6,1007.1,1006.7,1006.6,19390,9999,17700,20000,,M,M,,,1753,SCT025,BKN030,OVC036,,None,30.2,76.6,,3,6.3,7785
2023-01-25 02:37:15,6.4,360,,6.3,7959,5.4,353,325.0,13.0,8.6,30.2,25.8,76.3,1007.1,1006.7,1006.6,19350,9999,17700,20000,,M,M,,,1639,FEW018,SCT025,BKN030,OVC036,None,30.2,76.3,,360,6.4,7959
2023-01-25 02:38:15,6.1,17,,6.1,8109,5.5,357,325.0,44.0,8.6,30.2,25.8,76.2,1007.1,1006.7,1006.6,19160,9999,17700,20000,,M,M,,,1753,FEW018,SCT025,BKN030,OVC036,None,30.2,76.2,,17,6.1,8109
2023-01-25 02:39:15,5.7,40,,4.9,8210,5.5,1,325.0,56.0,8.6,30.3,25.7,75.7,1007.1,1006.7,1006.6,20000,9999,17700,20000,,M,M,,,1639,FEW018,SCT025,BKN030,OVC036,None,30.3,75.7,,40,5.7,8210
2023-01-25 02:40:15,5.3,40,,4.6,8128,5.5,6,325.0,56.0,8.6,30.3,25.6,75.3,1007.1,1006.6,1006.6,20000,9999,17700,20000,,M,M,,,2753,FEW018,BKN027,OVC036,,None,30.3,75.3,,40,5.3,8128
2023-01-25 02:41:15,5.5,33,,5.1,8064,5.5,10,325.0,56.0,8.6,30.4,25.5,74.7,1006.8,1006.6,1006.6,20000,9999,17700,20000,,M,M,,,2737,FEW018,BKN027,OVC036,,None,30.4,74.7,,33,5.5,8064
2023-01-25 02:42:15,5.6,28,,5.3,8068,5.4,14,325.0,56.0,8.3,30.5,25.5,74.2,1006.8,1006.6,1006.5,20000,9999,17700,20000,,M,M,,,4589,FEW018,BKN027,OVC036,,None,30.5,74.2,,28,5.6,8068
2023-01-25 02:43:15,5.6,33,,5.2,8085,5.6,19,325.0,56.0,8.4,30.6,25.7,73.7,1006.8,1006.6,1006.5,20000,9999,17820,20000,,M,M,,,0,FEW018,BKN027,OVC036,,None,30.6,73.7,,33,5.6,8085
2023-01-25 02:44:15,5.3,43,,4.4,8072,5.7,26,345.0,73.0,8.4,30.7,25.7,73.1,1006.8,1006.5,1006.5,20000,9999,17820,20000,,M,M,,,2803,FEW018,BKN027,OVC036,,None,30.7,73.1,,43,5.3,8072
2023-01-25 02:45:15,4.2,58,,2.8,8147,5.5,33,345.0,84.0,8.4,30.8,25.8,73.0,1006.8,1006.5,1006.5,20000,9999,19160,20000,,M,M,,,2737,FEW018,BKN029,OVC036,,None,30.8,73.0,,58,4.2,8147
2023-01-25 02:46:15,4.4,61,,2.8,8285,5.3,38,345.0,84.0,8.4,30.8,25.8,73.3,1006.8,1006.5,1006.5,20000,9999,19160,20000,,M,M,,,2901,FEW018,BKN029,BKN036,,None,30.8,73.3,,61,4.4,8285
2023-01-25 02:47:15,4.7,58,,3.1,8368,5.1,44,347.0,84.0,8.4,30.8,25.8,73.5,1006.8,1006.5,1006.5,20000,9999,19160,20000,,M,M,,,2983,FEW018,BKN029,BKN036,,None,30.8,73.5,,58,4.7,8368
2023-01-25 02:48:15,4.3,54,,3.1,8323,5.0,45,347.0,84.0,8.4,30.9,25.6,73.4,1006.8,1006.5,1006.5,20000,9999,20000,20000,,M,M,,,2901,FEW018,BKN029,BKN036,,None,30.9,73.4,,54,4.3,8323
2023-01-25 02:49:15,3.8,55,,2.7,8231,4.8,47,347.0,84.0,8.4,30.9,25.6,73.3,1006.8,1006.5,1006.5,20000,9999,20000,20000,,M,M,,,3016,FEW018,BKN029,BKN036,,None,30.9,73.3,,55,3.8,8231
2023-01-25 02:50:15,3.1,34,,2.8,8276,4.6,44,319.0,84.0,8.4,30.9,25.7,73.2,1006.8,1006.5,1006.5,20000,9999,20000,20000,,M,M,,,3163,FEW018,BKN029,BKN036,,None,30.9,73.2,,34,3.1,8276
2023-01-25 02:51:15,2.7,15,,2.7,8345,4.2,45,319.0,84.0,8.4,30.9,25.7,73.0,1006.8,1006.5,1006.5,20000,9999,20000,20000,,M,M,,,2934,FEW018,BKN029,BKN036,,None,30.9,73.0,,15,2.7,8345
2023-01-25 02:52:15,2.9,35,,2.6,8265,4.0,46,319.0,84.0,8.4,30.9,25.5,72.4,1006.8,1006.5,1006.5,20000,9999,20000,20000,,M,M,,,2901,FEW018,BKN029,OVC036,,None,30.9,72.4,,35,2.9,8265
2023-01-25 02:53:15,3.8,35,,3.4,8211,3.8,45,319.0,84.0,6.5,30.8,25.4,72.2,1006.8,1006.5,1006.4,20000,9999,20000,20000,,M,M,,,3065,FEW018,BKN029,OVC036,,None,30.8,72.2,,35,3.8,8211
2023-01-25 02:54:15,4.1,24,,4.0,8059,3.8,42,319.0,84.0,6.5,30.8,25.5,72.8,1006.8,1006.5,1006.4,20000,9999,20000,20000,,M,M,,,3212,FEW018,BKN029,OVC034,,None,30.8,72.8,,24,4.1,8059
2023-01-25 02:55:15,4.7,31,,4.4,7887,3.9,39,319.0,81.0,6.7,30.8,25.4,72.7,1006.8,1006.5,1006.4,20000,9999,20000,20000,,M,M,,,3327,FEW018,BKN029,OVC036,,None,30.8,72.7,,31,4.7,7887
2023-01-25 02:56:15,4.2,52,,3.1,7723,3.7,40,319.0,81.0,6.7,30.7,25.4,72.9,1006.8,1006.5,1006.4,20000,9999,20000,20000,,M,M,,,3048,FEW018,BKN029,OVC034,,None,30.7,72.9,,52,4.2,7723
2023-01-25 02:57:15,4.3,39,,3.8,7634,3.8,35,319.0,81.0,7.5,30.6,25.4,73.6,1006.8,1006.5,1006.4,20000,9999,20000,20000,,M,M,,,2999,FEW018,OVC032,,,None,30.6,73.6,,39,4.3,7634
2023-01-25 02:58:15,5.7,18,,5.6,7589,4.0,32,319.0,81.0,7.6,30.6,25.5,73.7,1006.8,1006.5,1006.4,20000,9999,20000,20000,,M,M,,,3163,FEW018,OVC032,,,None,30.6,73.7,,18,5.7,7589
2023-01-25 02:59:15,6.2,15,,6.2,7446,4.3,27,319.0,78.0,7.6,30.6,25.4,73.1,1006.8,1006.5,1006.4,20000,9999,20000,20000,,M,M,,,3196,FEW018,OVC032,,,None,30.6,73.1,,15,6.2,7446
2023-01-25 03:00:15,5.3,357,,5.2,7351,4.4,25,332.0,78.0,7.6,30.5,25.3,72.8,1006.8,1006.5,1006.4,20000,9999,20000,20000,,M,M,,,3180,FEW018,OVC032,,,None,30.5,72.8,,357,5.3,7351
2023-01-25 03:01:15,5.0,355,,4.8,7247,4.8,23,325.0,77.0,7.6,30.5,25.2,72.4,1006.8,1006.5,1006.4,20000,9999,20000,20000,,M,M,,,3442,FEW018,OVC032,,,None,30.5,72.4,,355,5.0,7247
2023-01-25 03:02:15,5.1,9,,5.1,7202,4.9,20,325.0,77.0,7.6,30.5,25.2,71.9,1006.8,1006.5,1006.4,20000,9999,20000,20000,,M,M,,,3294,FEW018,OVC032,,,None,30.5,71.9,,9,5.1,7202
2023-01-25 03:03:15,4.4,12,,4.4,7174,4.9,18,325.0,77.0,7.6,30.5,25.1,72.0,1006.8,1006.5,1006.4,20000,9999,20000,20000,,M,M,,,3360,FEW018,OVC032,,,None,30.5,72.0,,12,4.4,7174
2023-01-25 03:04:15,4.7,21,,4.6,7160,5.0,19,325.0,77.0,7.6,30.5,25.1,72.3,1006.8,1006.5,1006.4,20000,9999,20000,20000,,M,M,,,3261,FEW018,OVC032,,,None,30.5,72.3,,21,4.7,7160
2023-01-25 03:05:15,5.4,40,,4.7,7101,5.1,20,325.0,77.0,7.8,30.5,25.4,73.3,1006.8,1006.4,1006.4,20000,9999,20000,20000,,M,M,,,3524,FEW018,OVC032,,,None,30.5,73.3,,40,5.4,7101
2023-01-25 03:06:15,6.9,39,,6.0,7030,5.5,17,325.0,62.0,9.0,30.5,25.6,74.3,1006.8,1006.4,1006.4,20000,9999,20000,20000,,M,M,,,2393,FEW018,OVC032,,,None,30.5,74.3,,39,6.9,7030
2023-01-25 03:07:15,8.0,25,,7.7,6980,5.8,18,325.0,62.0,11.7,30.5,25.7,75.2,1006.8,1006.4,1006.4,20000,9999,20000,20000,,M,M,,,2425,FEW018,OVC032,,,None,30.5,75.2,,25,8.0,6980
2023-01-25 03:08:15,7.2,28,,6.8,7000,5.8,19,325.0,62.0,11.7,30.4,25.9,75.9,1006.8,1006.4,1006.4,20000,9999,20000,20000,,M,M,,,2491,FEW024,OVC032,,,None,30.4,75.9,,28,7.2,7000
2023-01-25 03:09:15,7.0,40,,6.1,7072,6.0,23,325.0,62.0,11.7,30.3,26.0,76.7,1006.8,1006.4,1006.3,20000,9999,20000,20000,,M,M,,,2540,SCT027,OVC032,,,None,30.3,76.7,,40,7.0,7072
2023-01-25 03:10:15,6.7,43,,5.6,7210,6.1,28,325.0,62.0,11.7,30.3,26.0,76.9,1006.8,1006.4,1006.3,20000,9999,20000,20000,,M,M,,,2589,SCT025,OVC032,,,None,30.3,76.9,,43,6.7,7210
2023-01-25 03:11:15,5.4,34,,4.9,7383,6.1,30,328.0,62.0,11.7,30.2,25.9,76.9,1006.8,1006.4,1006.3,20000,9999,20000,20000,,M,M,,,2852,SCT025,OVC032,,,None,30.2,76.9,,34,5.4,7383
2023-01-25 03:12:15,5.5,26,,5.3,7471,6.2,32,328.0,62.0,11.7,30.3,26.0,76.8,1006.8,1006.4,1006.3,20000,9999,20000,20000,,M,M,,,2803,SCT025,OVC032,,,None,30.3,76.8,,26,5.5,7471
2023-01-25 03:13:15,5.5,26,,5.3,7459,6.3,33,328.0,62.0,11.7,30.3,25.9,76.9,1006.8,1006.4,1006.3,20000,9999,20000,20000,,M,M,,,2770,BKN029,OVC034,,,None,30.3,76.9,,26,5.5,7459
2023-01-25 03:14:15,6.4,25,,6.2,7416,6.5,32,328.0,62.0,11.7,30.4,26.0,76.7,1006.8,1006.4,1006.3,20000,9999,20000,20000,,M,M,,,2901,OVC029,,,,None,30.4,76.7,,25,6.4,7416
2023-01-25 03:15:15,7.8,27,,7.5,7216,6.8,30,328.0,62.0,11.7,30.4,26.0,76.5,1006.8,1006.4,1006.3,20000,9999,20000,20000,,M,M,,,3376,BKN027,OVC034,,,None,30.4,76.5,,27,7.8,7216
2023-01-25 03:16:15,7.3,24,,7.1,7395,6.6,29,328.0,62.0,11.7,30.4,26.0,76.5,1006.8,1006.4,1006.3,20000,9999,20000,20000,,M,M,,,3098,BKN027,OVC034,,,None,30.4,76.5,,24,7.3,7395
2023-01-25 03:17:15,7.2,23,,7.0,7361,6.6,30,328.0,62.0,10.4,30.3,26.0,76.9,1006.8,1006.4,1006.3,20000,9999,20000,20000,,M,M,,,3196,OVC031,,,,None,30.3,76.9,,23,7.2,7361
2023-01-25 03:18:15,8.6,27,,8.2,7348,6.9,29,328.0,62.0,11.0,30.3,26.0,76.9,1006.8,1006.3,1006.3,20000,9999,20000,20000,,M,M,,,3294,OVC031,,,,None,30.3,76.9,,27,8.6,7348
2023-01-25 03:19:15,9.1,27,,8.7,7374,7.0,27,328.0,62.0,11.0,30.3,26.0,76.9,1006.8,1006.3,1006.3,20000,9999,20000,20000,,M,M,,,3179,OVC031,,,,None,30.3,76.9,,27,9.1,7374
2023-01-25 03:20:15,8.4,22,,8.2,7381,7.2,25,328.0,62.0,11.0,30.3,25.9,76.8,1006.8,1006.3,1006.3,20000,9999,20000,20000,,M,M,,,3196,OVC031,,,,None,30.3,76.8,,22,8.4,7381
2023-01-25 03:21:15,7.5,19,,7.4,7383,7.4,25,344.0,62.0,11.0,30.3,25.8,76.6,1006.8,1006.3,1006.3,20000,9999,20000,20000,,M,M,,,3130,OVC031,,,,None,30.3,76.6,,19,7.5,7383
2023-01-25 03:22:15,6.6,18,,6.5,7393,7.4,23,344.0,62.0,11.0,30.3,25.7,76.3,1006.8,1006.3,1006.2,20000,9999,20000,20000,,M,M,,,3360,OVC031,,,,None,30.3,76.3,,18,6.6,7393
2023-01-25 03:23:15,6.3,10,,6.3,7332,7.6,21,327.0,44.0,11.0,30.2,25.6,76.0,1006.4,1006.3,1006.2,20000,9999,20000,20000,,M,M,,,3786,SCT027,OVC033,,,None,30.2,76.0,,10,6.3,7332
2023-01-25 03:24:15,6.0,4,,6.0,7319,7.3,19,327.0,44.0,11.0,30.2,25.6,75.9,1006.4,1006.3,1006.2,20000,9999,20000,20000,,M,M,,,5064,FEW025,OVC033,,,None,30.2,75.9,,4,6.0,7319
2023-01-25 03:25:15,4.4,12,,4.4,7150,6.9,18,327.0,44.0,11.0,30.2,25.6,76.2,1006.4,1006.3,1006.2,20000,9999,20000,20000,,M,M,,,3163,FEW027,OVC033,,,None,30.2,76.2,,12,4.4,7150
2023-01-25 03:26:15,4.5,27,,4.3,7095,6.8,20,327.0,55.0,11.0,30.2,25.7,76.3,1006.4,1006.2,1006.2,20000,9999,20000,20000,,M,M,,,4671,FEW025,BKN033,OVC060,,None,30.2,76.3,,27,4.5,7095
2023-01-25 03:27:15,6.5,23,,6.3,7114,6.7,18,327.0,55.0,11.0,30.3,25.9,76.2,1006.4,1006.2,1006.1,20000,9999,20000,20000,,M,M,,,4376,FEW025,BKN033,OVC047,,None,30.3,76.2,,23,6.5,7114
2023-01-25 03:28:15,6.6,6,,6.6,7161,6.4,15,327.0,55.0,10.8,30.5,25.9,75.9,1006.4,1006.2,1006.1,20000,9999,20000,20000,,M,M,,,4475,FEW025,BKN033,OVC047,,None,30.5,75.9,,6,6.6,7161
2023-01-25 03:29:15,6.3,15,,6.3,7097,6.2,16,327.0,55.0,10.8,30.6,26.1,76.1,1006.4,1006.2,1006.1,20000,9999,20000,20000,,M,M,,,3442,FEW025,BKN033,OVC047,,None,30.6,76.1,,15,6.3,7097
2023-01-25 03:30:15,6.9,29,,6.5,6998,6.1,17,327.0,55.0,9.6,30.7,26.0,75.5,1006.4,1006.2,1006.1,20000,9999,20000,20000,,M,M,,,3721,FEW025,BKN033,OVC047,,None,30.7,75.5,,29,6.9,6998
2023-01-25 03:31:15,5.5,26,,5.3,6889,5.8,17,327.0,55.0,9.6,30.8,26.1,75.2,1006.4,1006.2,1006.1,20000,9999,20000,20000,,M,M,,,3753,FEW025,BKN033,OVC047,,None,30.8,75.2,,26,5.5,6889
2023-01-25 03:32:15,4.0,29,,3.8,6762,5.6,19,327.0,55.0,9.6,30.8,26.0,75.1,1006.4,1006.2,1006.1,20000,9999,20000,20000,,M,M,,,3737,FEW027,BKN035,OVC047,,None,30.8,75.1,,29,4.0,6762
2023-01-25 03:33:15,4.4,42,,3.7,6625,5.4,24,347.0,60.0,9.6,30.8,25.9,75.2,1006.4,1006.1,1006.1,20000,9999,20000,20000,,M,M,,,2983,FEW027,BKN035,OVC047,,None,30.8,75.2,,42,4.4,6625
2023-01-25 03:34:15,4.6,41,,3.9,6504,5.3,26,347.0,61.0,9.6,30.8,25.9,75.2,1006.4,1006.1,1006.1,20000,9999,20000,20000,,M,M,,,3114,FEW025,BKN033,OVC047,,None,30.8,75.2,,41,4.6,6504
2023-01-25 03:35:15,5.0,30,,4.7,6416,5.5,27,347.0,61.0,9.6,30.7,26.0,75.5,1006.4,1006.1,1006.1,20000,9999,20000,20000,,M,M,,,3442,FEW025,BKN033,OVC045,,None,30.7,75.5,,30,5.0,6416
2023-01-25 03:36:15,6.1,20,,6.0,6295,5.6,25,347.0,61.0,11.9,30.6,25.9,75.6,1006.4,1006.1,1006.0,20000,9999,20000,20000,,M,M,,,6409,SCT030,BKN036,OVC045,,None,30.6,75.6,,20,6.1,6295
2023-01-25 03:37:15,5.2,26,,5.0,6204,5.3,28,347.0,75.0,11.9,30.6,25.9,75.2,1006.4,1006.1,1006.0,20000,9999,20000,20000,,M,M,,,6310,SCT030,BKN036,BKN047,OVC065,None,30.6,75.2,,26,5.2,6204
2023-01-25 03:38:15,4.2,32,,3.9,6226,5.2,30,4.0,75.0,11.9,30.5,25.8,75.1,1006.4,1006.1,1006.0,20000,9999,20000,20000,,M,M,,,6392,SCT030,BKN036,BKN045,OVC065,None,30.5,75.1,,32,4.2,6226
2023-01-25 03:39:15,4.8,21,,4.7,6329,5.0,29,4.0,75.0,11.9,30.4,25.7,74.9,1006.4,1006.1,1006.0,20000,9999,20000,20000,,M,M,,,6507,SCT030,BKN036,BKN047,OVC065,None,30.4,74.9,,21,4.8,6329
2023-01-25 03:40:15,5.5,18,,5.4,6697,4.9,28,4.0,75.0,11.9,30.4,25.6,74.9,1006.4,1006.0,1006.0,20000,9999,20000,20000,,M,M,,,3098,BKN033,BKN047,OVC065,,None,30.4,74.9,,18,5.5,6697
2023-01-25 03:41:15,5.6,24,,5.4,6833,5.0,29,4.0,75.0,11.9,30.4,25.6,74.8,1006.4,1006.0,1006.0,20000,9999,20000,20000,,M,M,,,3098,BKN033,BKN047,OVC065,,None,30.4,74.8,,24,5.6,6833
2023-01-25 03:42:15,6.3,29,,6.0,6968,5.3,28,4.0,75.0,11.9,30.4,25.7,75.4,1006.4,1006.0,1006.0,20000,9999,20000,20000,,M,M,,,3212,BKN033,BKN047,OVC065,,None,30.4,75.4,,29,6.3,6968
2023-01-25 03:43:15,6.7,25,,6.5,7065,5.5,25,4.0,75.0,11.9,30.4,25.9,75.6,1006.4,1006.0,1005.9,20000,9999,20000,20000,,M,M,,,3311,BKN033,BKN047,OVC065,,None,30.4,75.6,,25,6.7,7065
2023-01-25 03:44:15,6.9,30,,6.5,7200,5.8,26,4.0,75.0,11.9,30.5,26.0,76.1,1006.4,1006.0,1005.9,20000,9999,20000,20000,,M,M,,,7524,BKN033,BKN047,OVC065,,None,30.5,76.1,,30,6.9,7200
2023-01-25 03:45:15,7.7,35,,7.0,7375,6.0,26,4.0,75.0,11.9,30.5,26.1,76.3,1006.4,1005.9,1005.9,18920,9999,18920,20000,,M,M,,,7769,BKN033,BKN047,OVC065,,None,30.5,76.3,,35,7.7,7375
2023-01-25 03:46:15,7.0,34,,6.4,7499,6.0,29,5.0,75.0,8.9,30.6,26.2,76.7,1006.4,1005.9,1005.9,18270,9999,18270,20000,,M,M,,,983,BKN033,BKN047,BKN065,OVC077,None,30.6,76.7,,34,7.0,7499
2023-01-25 03:47:15,6.4,27,,6.1,7578,6.3,26,5.0,47.0,8.9,30.6,26.3,76.8,1006.4,1005.9,1005.9,19450,9999,18270,20000,,M,M,,,442,FEW008,BKN033,BKN047,OVC065,None,30.6,76.8,,27,6.4,7578
2023-01-25 03:48:15,6.4,22,,6.3,7666,6.4,26,5.0,47.0,8.9,30.6,26.3,77.1,1006.4,1005.9,1005.9,19100,9999,18270,20000,,M,M,,,4934,FEW008,BKN033,BKN047,OVC065,None,30.6,77.1,,22,6.4,7666
2023-01-25 03:49:15,6.3,20,,6.2,7707,6.6,26,4.0,47.0,8.9,30.7,26.3,76.6,1006.1,1005.9,1005.9,17780,9999,17780,20000,,M,M,,,5179,FEW008,BKN033,BKN049,OVC065,None,30.7,76.6,,20,6.3,7707
2023-01-25 03:50:15,6.2,22,,6.1,7740,6.6,27,4.0,47.0,8.9,30.7,26.3,76.4,1006.4,1005.9,1005.9,18490,9999,17780,20000,,M,M,,,3999,FEW008,BKN033,BKN049,OVC065,None,30.7,76.4,,22,6.2,7740
2023-01-25 03:51:15,5.8,30,,5.5,7809,6.6,27,4.0,47.0,8.9,30.7,26.3,76.4,1006.4,1006.0,1005.9,19100,9999,17780,20000,,M,M,,,3999,FEW008,BKN035,BKN049,OVC065,None,30.7,76.4,,30,5.8,7809
2023-01-25 03:52:15,5.6,35,,5.1,7909,6.4,28,4.0,51.0,8.9,30.7,26.4,76.4,1006.4,1005.9,1005.9,19490,9999,17780,20000,,M,M,,,4278,FEW008,SCT032,BKN044,OVC065,None,30.7,76.4,,35,5.6,7909
2023-01-25 03:53:15,5.6,41,,4.8,8003,6.4,30,4.0,51.0,8.9,30.7,26.3,76.1,1006.1,1005.9,1005.9,18110,9999,17780,20000,,M,M,,,4622,FEW008,SCT032,BKN044,OVC065,None,30.7,76.1,,41,5.6,8003
2023-01-25 03:54:15,5.0,43,,4.2,8061,6.0,31,4.0,51.0,8.9,30.6,26.3,76.3,1006.1,1005.9,1005.9,16730,9999,16730,19490,,M,M,,,4753,FEW008,BKN040,BKN050,OVC070,None,30.6,76.3,,43,5.0,8061
2023-01-25 03:55:15,4.3,43,,3.6,8111,5.7,32,4.0,52.0,7.4,30.6,26.3,76.6,1006.1,1005.9,1005.9,16980,9999,16730,19490,,M,M,,,5016,FEW008,SCT036,BKN050,OVC065,None,30.6,76.6,,43,4.3,8111
2023-01-25 03:56:15,4.6,40,,4.0,8146,5.6,32,4.0,52.0,8.0,30.5,26.4,77.0,1006.1,1005.9,1005.9,17960,9999,16730,19490,,M,M,,,5229,FEW008,SCT032,BKN041,OVC070,None,30.5,77.0,,40,4.6,8146
2023-01-25 03:57:15,5.5,35,,5.0,8171,5.5,34,4.0,52.0,8.0,30.5,26.3,77.0,1006.1,1005.9,1005.8,15620,9999,15620,19490,,M,M,,,5360,FEW008,BKN041,BKN050,OVC070,None,30.5,77.0,,35,5.5,8171
2023-01-25 03:58:15,5.8,34,,5.3,8176,5.4,35,4.0,52.0,8.0,30.5,26.1,76.9,1006.1,1005.9,1005.8,15500,9999,15500,19490,,M,M,,,5442,FEW032,SCT041,BKN050,OVC070,None,30.5,76.9,,34,5.8,8176
2023-01-25 03:59:15,6.0,34,,5.5,8139,5.5,36,14.0,52.0,8.0,30.5,26.3,77.1,1006.1,1005.9,1005.8,16490,9999,15500,19490,,M,M,,,4294,FEW032,SCT041,BKN050,OVC070,None,30.5,77.1,,34,6.0,8139
2023-01-25 04:00:15,6.7,32,,6.2,8092,5.5,37,14.0,52.0,8.5,30.5,26.3,77.1,1006.1,1005.9,1005.8,17310,9999,15500,19490,,M,M,,,4491,FEW032,SCT041,BKN050,OVC070,None,30.5,77.1,,32,6.7,8092
2023-01-25 04:01:15,6.9,35,,6.3,8114,5.7,38,22.0,52.0,8.8,30.6,26.3,76.6,1006.1,1005.8,1005.8,16380,9999,15500,19490,,M,M,,,3442,FEW032,SCT041,BKN050,OVC070,None,30.6,76.6,,35,6.9,8114
2023-01-25 04:02:15,7.1,38,,6.3,8158,5.8,37,22.0,52.0,8.8,30.6,26.3,76.7,1006.1,1005.8,1005.7,17530,9999,15500,18110,,M,M,,,4425,FEW032,SCT043,BKN050,OVC070,None,30.6,76.7,,38,7.1,8158
2023-01-25 04:03:15,7.4,45,,6.1,8209,6.0,38,22.0,61.0,10.1,30.7,26.5,76.9,1006.1,1005.8,1005.7,17610,9999,15500,17960,,M,M,,,4327,SCT032,SCT043,BKN050,OVC070,None,30.7,76.9,,45,7.4,8209
2023-01-25 04:04:15,7.6,53,,5.6,8273,6.4,39,22.0,88.0,11.6,30.7,26.4,76.6,1006.1,1005.8,1005.7,16530,9999,15500,17960,,M,M,,,4557,FEW032,BKN043,BKN050,OVC070,None,30.7,76.6,,53,7.6,8273
2023-01-25 04:05:15,7.6,41,,6.5,8324,6.7,38,22.0,88.0,11.6,30.7,26.5,76.5,1006.1,1005.8,1005.7,16150,9999,15500,17960,,M,M,,,1753,FEW013,SCT032,BKN043,OVC070,None,30.7,76.5,,41,7.6,8324
2023-01-25 04:06:15,7.1,33,,6.5,8380,6.9,38,22.0,88.0,11.6,30.7,26.4,76.5,1006.1,1005.8,1005.7,16130,9999,15500,17610,,M,M,,,4524,FEW013,SCT032,BKN043,OVC070,None,30.7,76.5,,33,7.1,8380
2023-01-25 04:07:15,6.4,39,,5.6,8405,6.9,39,22.0,88.0,11.6,30.8,26.5,76.5,1006.1,1005.8,1005.7,16620,9999,15500,17610,,M,M,,,3688,FEW013,SCT035,BKN043,OVC050,None,30.8,76.5,,39,6.4,8405
2023-01-25 04:08:15,6.0,42,,5.1,8415,6.9,40,22.0,88.0,11.6,30.8,26.4,75.8,1006.1,1005.8,1005.7,15480,9999,15480,17610,,M,M,,,3360,FEW013,SCT035,BKN046,OVC055,None,30.8,75.8,,42,6.0,8415
2023-01-25 04:09:15,5.2,46,,4.2,8351,6.7,41,24.0,88.0,11.6,30.8,26.3,75.6,1006.1,1005.8,1005.7,16050,9999,15480,17610,,M,M,,,4655,FEW013,SCT035,BKN046,OVC055,None,30.8,75.6,,46,5.2,8351
2023-01-25 04:10:15,4.4,48,,3.5,8336,6.4,43,21.0,88.0,11.6,30.8,26.2,75.4,1006.1,1005.7,1005.7,15820,9999,15480,17610,,M,M,,,4524,FEW013,SCT035,BKN046,OVC055,None,30.8,75.4,,48,4.4,8336
2023-01-25 04:11:15,4.1,42,,3.5,8345,6.2,43,21.0,88.0,11.6,30.8,26.2,75.3,1006.1,1005.7,1005.7,15420,9999,15420,17610,,M,M,,,5114,FEW013,SCT035,BKN046,OVC055,None,30.8,75.3,,42,4.1,8345
2023-01-25 04:12:15,4.1,35,,3.7,8370,5.9,42,21.0,88.0,11.6,30.8,26.0,75.1,1006.1,1005.7,1005.7,16000,9999,15420,17610,,M,M,,,3212,FEW013,SCT035,BKN046,OVC055,None,30.8,75.1,,35,4.1,8370
2023-01-25 04:13:15,4.2,45,,3.4,8410,5.5,43,21.0,88.0,11.6,30.8,26.1,75.7,1006.1,1005.7,1005.7,16620,9999,15420,16620,,M,M,,,3229,FEW013,SCT035,BKN046,OVC055,None,30.8,75.7,,45,4.2,8410
2023-01-25 04:14:15,4.7,48,,3.7,8541,5.3,41,358.0,88.0,9.0,30.8,26.1,75.8,1006.1,1005.7,1005.6,15150,9999,15150,16620,,M,M,,,3081,FEW013,SCT035,BKN046,OVC055,None,30.8,75.8,,48,4.7,8541
2023-01-25 04:15:15,5.5,20,,5.4,8738,5.1,39,353.0,88.0,8.0,30.8,26.0,75.6,1006.1,1005.7,1005.6,15370,9999,15150,16620,,M,M,,,3098,FEW011,BKN035,BKN046,OVC055,None,30.8,75.6,,20,5.5,8738
2023-01-25 04:16:15,4.7,8,,4.7,8885,4.8,37,353.0,88.0,8.0,30.9,26.0,75.2,1006.1,1005.7,1005.6,15370,9999,15150,16620,,M,M,,,2901,FEW011,BKN035,BKN046,OVC055,None,30.9,75.2,,8,4.7,8885
2023-01-25 04:17:15,4.0,5,,4.0,8847,4.6,32,326.0,88.0,8.0,30.9,26.0,74.7,1006.1,1005.7,1005.6,15800,9999,15150,16620,,M,M,,,2852,SCT032,BKN039,BKN046,OVC055,None,30.9,74.7,,5,4.0,8847
2023-01-25 04:18:15,5.0,6,,5.0,8599,4.6,29,326.0,88.0,8.0,30.9,25.8,73.9,1006.1,1005.7,1005.6,15010,9999,15010,16620,,M,M,,,2852,SCT032,BKN046,OVC055,,None,30.9,73.9,,6,5.0,8599
2023-01-25 04:19:15,5.5,14,,5.5,8373,4.6,25,326.0,88.0,8.0,30.9,25.7,73.7,1006.1,1005.6,1005.6,14750,9999,14750,16620,,M,M,,,2835,BKN032,BKN046,OVC055,,None,30.9,73.7,,14,5.5,8373
2023-01-25 04:20:15,5.2,22,,5.1,8238,4.8,24,326.0,88.0,8.0,30.8,25.8,73.9,1006.1,1005.6,1005.6,15070,9999,14750,16620,,M,M,,,2786,FEW029,BKN034,BKN046,OVC055,None,30.8,73.9,,22,5.2,8238
2023-01-25 04:21:15,6.4,37,,5.7,8164,5.1,24,326.0,88.0,8.9,30.8,25.9,74.2,1006.1,1005.6,1005.6,14970,9999,14750,16620,,M,M,,,2770,SCT029,BKN034,BKN046,OVC055,None,30.8,74.2,,37,6.4,8164
2023-01-25 04:22:15,6.8,46,,5.5,8125,5.3,26,326.0,88.0,9.0,30.7,25.9,74.6,1006.1,1005.6,1005.6,15430,9999,14750,16620,,M,M,,,2983,BKN031,BKN046,OVC055,,None,30.7,74.6,,46,6.8,8125
2023-01-25 04:23:15,6.3,48,,5.0,8129,5.5,25,326.0,88.0,9.0,30.6,25.9,75.2,1006.1,1005.6,1005.6,15590,9999,14750,15800,,M,M,,,3147,BKN031,BKN046,OVC050,,None,30.6,75.2,,48,6.3,8129
2023-01-25 04:24:15,6.6,43,,5.5,8133,5.7,25,326.0,61.0,9.0,30.6,26.0,75.6,1006.1,1005.6,1005.6,15740,9999,14750,15800,,M,M,,,3507,BKN031,BKN046,OVC055,,None,30.6,75.6,,43,6.6,8133
2023-01-25 04:25:15,7.1,36,,6.4,8101,5.9,28,326.0,61.0,9.1,30.5,25.9,75.8,1006.1,1005.6,1005.6,15850,9999,14750,15850,,M,M,,,3360,SCT028,BKN033,BKN046,OVC055,None,30.5,75.8,,36,7.1,8101
2023-01-25 04:26:15,7.2,30,,6.8,8104,6.2,30,326.0,61.0,9.1,30.5,25.9,76.0,1005.8,1005.6,1005.5,15640,9999,14750,15850,,M,M,,,3245,SCT028,BKN033,BKN046,OVC055,None,30.5,76.0,,30,7.2,8104
2023-01-25 04:27:15,6.9,31,,6.4,8103,6.4,33,355.0,61.0,9.1,30.4,26.1,76.8,1005.8,1005.6,1005.5,16190,9999,14750,16190,,M,M,,,2803,SCT028,BKN033,OVC046,,None,30.4,76.8,,31,6.9,8103
2023-01-25 04:28:15,7.4,41,,6.3,8064,6.7,37,5.0,61.0,9.4,30.4,26.2,77.5,1005.8,1005.6,1005.5,17230,9999,14750,17230,,M,M,,,3294,SCT028,BKN033,OVC046,,None,30.4,77.5,,41,7.4,8064
2023-01-25 04:29:15,7.8,45,,6.4,8006,6.9,39,8.0,61.0,9.4,30.4,26.3,78.2,1005.8,1005.6,1005.5,17800,9999,14970,17800,,M,M,,,2852,BKN028,BKN033,OVC046,,None,30.4,78.2,,45,7.8,8006
2023-01-25 04:30:15,8.5,46,,6.9,7921,7.3,41,21.0,61.0,10.6,30.3,26.4,78.8,1005.8,1005.6,1005.5,17910,9999,14970,17910,,M,M,,,2753,BKN028,BKN033,OVC046,,None,30.3,78.8,,46,8.5,7921
2023-01-25 04:31:15,8.6,37,,7.7,7824,7.3,39,13.0,61.0,10.7,30.3,26.3,79.2,1005.8,1005.6,1005.5,17510,9999,15430,17910,,M,M,,,3311,BKN028,BKN033,OVC046,,None,30.3,79.2,,37,8.6,7824
2023-01-25 04:32:15,7.8,23,,7.6,7737,7.5,37,11.0,58.0,10.7,30.3,26.2,79.1,1005.8,1005.6,1005.5,19020,9999,15590,19020,,M,M,,,3311,SCT028,BKN033,OVC046,,None,30.3,79.1,,23,7.8,7737
2023-01-25 04:33:15,7.5,24,,7.3,7677,7.6,34,11.0,58.0,10.7,30.2,26.2,78.8,1005.8,1005.6,1005.5,17180,9999,15640,19020,,M,M,,,3311,SCT028,BKN033,OVC046,,None,30.2,78.8,,24,7.5,7677
2023-01-25 04:34:15,7.9,20,,7.8,7555,7.8,32,4.0,58.0,11.1,30.2,26.1,78.6,1005.8,1005.6,1005.5,19000,9999,15640,19020,,M,M,,,3098,SCT028,BKN033,OVC046,,None,30.2,78.6,,20,7.9,7555
2023-01-25 04:35:15,8.7,16,,8.7,7351,7.9,30,4.0,58.0,11.1,30.1,26.0,78.2,1005.8,1005.6,1005.5,20000,9999,15640,20000,,M,M,,,3278,SCT028,OVC033,,,None,30.1,78.2,,16,8.7,7351
2023-01-25 04:36:15,8.0,20,,7.9,7050,7.9,30,4.0,58.0,11.1,30.1,26.0,78.0,1005.8,1005.6,1005.5,20000,9999,16190,20000,,M,M,,,3245,SCT028,OVC033,,,None,30.1,78.0,,20,8.0,7050
2023-01-25 04:37:15,7.0,24,,6.8,6750,7.9,29,4.0,58.0,11.1,30.0,26.0,78.0,1005.8,1005.6,1005.5,20000,9999,17180,20000,,M,M,,,3278,OVC031,,,,None,30.0,78.0,,24,7.0,6750
2023-01-25 04:38:15,6.9,22,,6.7,6558,7.8,26,4.0,55.0,11.1,30.0,26.0,78.1,1005.8,1005.5,1005.5,19660,9999,17180,20000,,M,M,,,3245,OVC031,,,,None,30.0,78.1,,22,6.9,6558
2023-01-25 04:39:15,7.4,18,,7.3,6425,7.8,24,4.0,55.0,11.1,30.0,25.9,78.0,1005.8,1005.5,1005.5,19970,9999,17180,20000,,M,M,,,3229,OVC031,,,,None,30.0,78.0,,18,7.4,6425
2023-01-25 04:40:15,7.0,19,,6.9,6378,7.5,21,4.0,36.0,11.1,30.0,26.0,78.3,1005.8,1005.5,1005.4,19000,9999,17180,20000,,M,M,,,3261,OVC031,,,,None,30.0,78.3,,19,7.0,6378
2023-01-25 04:41:15,5.8,21,,5.7,6391,7.3,20,4.0,33.0,11.1,30.0,26.1,78.7,1005.8,1005.5,1005.4,20000,9999,17180,20000,,M,M,,,3344,OVC031,,,,None,30.0,78.7,,21,5.8,6391
2023-01-25 04:42:15,6.3,23,,6.1,6429,7.2,21,4.0,35.0,11.1,30.0,26.1,79.1,1005.8,1005.5,1005.4,20000,9999,17180,20000,,M,M,,,3655,OVC031,,,,None,30.0,79.1,,23,6.3,6429
2023-01-25 04:43:15,7.7,27,,7.4,6449,7.3,21,4.0,37.0,11.1,30.0,26.1,79.3,1005.8,1005.5,1005.4,20000,9999,19000,20000,,M,M,,,3688,OVC033,,,,None,30.0,79.3,,27,7.7,6449
2023-01-25 04:44:15,8.6,33,,7.9,6417,7.3,23,8.0,41.0,10.8,29.9,26.1,79.5,1005.8,1005.4,1005.4,20000,9999,19000,20000,,M,M,,,3229,OVC033,,,,None,29.9,79.5,,33,8.6,6417
2023-01-25 04:45:15,9.2,37,,8.2,6313,7.4,25,8.0,43.0,11.4,29.9,26.1,79.3,1005.8,1005.4,1005.4,20000,9999,19000,20000,,M,M,,,3524,OVC033,,,,None,29.9,79.3,,37,9.2,6313
2023-01-25 04:46:15,10.6,38,,9.4,6190,7.9,27,8.0,44.0,12.8,29.9,25.9,78.9,1005.8,1005.4,1005.3,19940,9999,19000,20000,,M,M,,,3245,OVC033,,,,None,29.9,78.9,,38,10.6,6190
2023-01-25 04:47:15,11.6,36,,10.4,6107,8.4,28,8.0,44.0,13.2,29.9,25.8,78.5,1005.8,1005.4,1005.3,20000,9999,19000,20000,,M,M,,,3294,OVC033,,,,None,29.9,78.5,,36,11.6,6107
2023-01-25 04:48:15,11.7,35,,10.6,6051,8.8,29,11.0,44.0,13.2,29.9,25.8,78.1,1005.8,1005.4,1005.3,20000,9999,19000,20000,,M,M,,,3803,OVC033,,,,None,29.9,78.1,,35,11.7,6051
2023-01-25 04:49:15,11.0,34,,10.0,6018,9.1,31,13.0,44.0,13.2,29.9,25.8,78.0,1005.8,1005.4,1005.3,20000,9999,19000,20000,,M,M,,,3934,OVC033,,,,None,29.9,78.0,,34,11.0,6018
2023-01-25 04:50:15,10.3,34,,9.4,6003,9.5,32,13.0,44.0,13.2,29.9,25.8,78.0,1005.8,1005.4,1005.3,19700,9999,19700,20000,,M,M,,,3917,OVC033,,,,None,29.9,78.0,,34,10.3,6003
2023-01-25 04:51:15,10.5,34,,9.6,6025,10.0,34,13.0,44.0,13.2,29.9,25.8,78.1,1005.8,1005.3,1005.3,20000,9999,19700,20000,,M,M,,,4409,OVC033,,,,None,29.9,78.1,,34,10.5,6025
2023-01-25 04:52:15,10.6,34,,9.7,6094,10.4,35,22.0,44.0,13.2,29.9,25.9,78.3,1005.8,1005.3,1005.2,20000,9999,19700,20000,,M,M,,,4524,BKN033,OVC044,,,None,29.9,78.3,,34,10.6,6094
2023-01-25 04:53:15,9.3,36,,8.6,6153,10.4,35,29.0,44.0,13.2,29.9,26.0,79.0,1005.8,1005.3,1005.2,16400,9999,16400,20000,,M,M,,,4540,FEW028,BKN033,OVC042,,None,29.9,79.0,,36,9.3,6153
2023-01-25 04:54:15,9.0,34,,8.2,6138,10.4,35,25.0,44.0,13.2,29.9,26.2,79.9,1005.4,1005.3,1005.2,15440,9999,15440,20000,,M,M,,,5081,FEW028,BKN033,OVC042,,None,29.9,79.9,,34,9.0,6138
2023-01-25 04:55:15,9.1,31,,8.5,6062,10.3,34,25.0,44.0,13.2,29.9,26.4,81.2,1005.4,1005.3,1005.2,13960,9999,13960,20000,,M,M,,,5016,FEW028,BKN033,OVC042,,None,29.9,81.2,,31,9.1,6062
2023-01-25 04:56:15,9.3,32,,8.6,5947,10.1,34,25.0,42.0,13.2,29.8,26.6,82.2,1005.4,1005.3,1005.2,13750,9999,13750,20000,,M,M,,,4573,FEW028,BKN033,OVC042,,None,29.8,82.2,,32,9.3,5947
2023-01-25 04:57:15,9.7,32,,9.0,5797,9.9,33,25.0,42.0,12.9,29.8,26.8,83.1,1005.4,1005.2,1005.2,13220,9999,13220,20000,,M,M,,,4589,FEW028,BKN033,OVC042,,None,29.8,83.1,,32,9.7,5797
2023-01-25 04:58:15,8.9,30,,8.4,5649,9.6,33,22.0,42.0,12.0,29.7,27.0,84.2,1005.4,1005.3,1005.2,13650,9999,13220,20000,,M,M,,,5065,BKN035,OVC048,,,None,29.7,84.2,,30,8.9,5649
2023-01-25 04:59:15,8.5,28,,8.1,5493,9.4,32,20.0,42.0,12.0,29.6,27.2,85.7,1005.4,1005.2,1005.2,14640,9999,13220,20000,,M,M,,,5114,BKN035,OVC048,,,None,29.6,85.7,,28,8.5,5493
2023-01-25 05:00:15,8.7,26,,8.4,5345,9.3,31,9.0,42.0,12.0,29.6,27.4,87.2,1005.4,1005.2,1005.2,13880,9999,13220,20000,,M,M,,,4966,BKN035,BKN045,OVC050,,None,29.6,87.2,,26,8.7,5345
2023-01-25 05:01:15,8.5,28,,8.1,5210,9.0,31,9.0,42.0,12.0,29.5,27.6,88.6,1005.4,1005.2,1005.1,14750,9999,13220,20000,,M,M,,,5655,BKN035,OVC048,,,-RA,29.5,88.6,,28,8.5,5210
2023-01-25 05:02:15,8.0,33,,7.4,5117,8.8,31,9.0,43.0,11.8,29.5,27.8,89.7,1005.4,1005.2,1005.1,14610,9999,13220,16400,,M,M,,,4622,BKN035,OVC048,,,-RA,29.5,89.7,,33,8.0,5117
2023-01-25 05:03:15,7.8,34,,7.1,5065,8.7,31,9.0,43.0,11.8,29.4,28.0,91.0,1005.4,1005.2,1005.1,14680,9999,13220,15440,,M,M,,,4917,SCT035,OVC048,,,-RA,29.4,91.0,,34,7.8,5065
2023-01-25 05:04:15,8.4,34,,7.7,5037,8.7,31,9.0,43.0,11.8,29.4,28.0,91.7,1005.4,1005.1,1005.1,13700,9999,13220,14750,,M,M,,,5933,SCT035,OVC048,,,-RA,29.4,91.7,,34,8.4,5037
2023-01-25 05:05:15,8.8,33,,8.1,5031,8.7,31,9.0,43.0,11.8,29.4,28.1,91.9,1005.4,1005.1,1005.0,9790,9999,9790,14750,,M,M,,,4901,SCT035,OVC048,,,-RA,29.4,91.9,,33,8.8,5031
2023-01-25 05:06:15,7.6,34,,6.9,5041,8.3,31,9.0,43.0,10.9,29.4,28.4,93.0,1005.4,1005.1,1005.1,9310,9999,9310,14750,,M,M,,,5770,SCT035,BKN048,OVC060,,-RA,29.4,93.0,,34,7.6,5041
2023-01-25 05:07:15,7.6,37,,6.8,5031,8.2,32,9.0,46.0,10.8,29.4,28.7,94.6,1005.4,1005.1,1005.0,10330,9999,9310,14750,,M,M,,,6343,SCT035,BKN048,OVC060,,-RA,29.4,94.6,,37,7.6,5031
2023-01-25 05:08:15,8.6,38,,7.6,5030,8.3,33,9.0,46.0,10.8,29.4,28.8,95.7,1005.4,1005.1,1005.0,10860,9999,9310,14750,,M,M,,,4966,SCT035,BKN050,OVC060,,-RA,29.4,95.7,,38,8.6,5030
2023-01-25 05:09:15,8.1,34,,7.4,5012,8.2,33,9.0,46.0,10.8,29.4,29.0,96.8,1005.4,1005.1,1005.1,12090,9999,9310,14750,,M,M,,,5179,SCT035,BKN050,OVC060,,-RA,29.4,96.8,,34,8.1,5012
2023-01-25 05:10:15,7.5,31,,7.0,5042,8.1,34,23.0,46.0,10.8,29.4,29.2,98.1,1005.4,1005.1,1005.1,12860,9999,9310,14750,,M,M,,,5311,SCT035,BKN050,OVC060,,-RA,29.4,98.1,,31,7.5,5042
2023-01-25 05:11:15,7.5,32,,7.0,5100,8.0,34,23.0,46.0,10.8,29.4,29.2,99.0,1005.4,1005.1,1005.1,12850,9999,9310,14680,,M,M,,,5638,FEW037,BKN050,OVC060,,None,29.4,99.0,,32,7.5,5100
2023-01-25 05:12:15,7.3,32,,6.8,5142,7.9,34,23.0,46.0,10.8,29.4,29.2,99.2,1005.4,1005.1,1005.1,12460,9999,9310,14680,,M,M,,,5999,FEW033,BKN050,OVC060,,None,29.4,99.2,,32,7.3,5142
2023-01-25 05:13:15,7.3,33,,6.7,5165,7.9,34,20.0,58.0,12.7,29.4,29.2,99.4,1005.4,1005.1,1005.1,12550,9999,9310,13700,,M,M,,,5163,FEW033,BKN050,OVC060,,None,29.4,99.4,,33,7.3,5165
2023-01-25 05:14:15,8.1,32,,7.5,5205,7.9,33,20.0,58.0,12.7,29.4,29.2,99.3,1005.4,1005.1,1005.0,12810,9999,9310,12860,,M,M,,,5868,FEW031,SCT044,OVC055,,None,29.4,99.3,,32,8.1,5205
2023-01-25 05:15:15,8.4,26,,8.1,5260,7.8,33,18.0,58.0,12.7,29.4,29.2,99.2,1005.4,1005.1,1005.0,12330,9999,9310,12860,,M,M,,,6376,FEW031,SCT044,OVC055,,None,29.4,99.2,,26,8.4,5260
2023-01-25 05:16:15,7.2,26,,6.9,5283,7.7,32,13.0,58.0,12.7,29.4,29.2,98.8,1005.4,1005.1,1005.0,11310,9999,10330,12860,,M,M,,,3343,FEW031,SCT044,OVC055,,None,29.4,98.8,,26,7.2,5283
2023-01-25 05:17:15,6.6,26,,6.3,5269,7.6,30,13.0,58.0,12.7,29.4,29.2,98.7,1005.4,1005.0,1005.0,10120,9999,10120,12860,,M,M,,,6228,FEW031,SCT044,OVC055,,None,29.4,98.7,,26,6.6,5269
2023-01-25 05:18:15,6.7,25,,6.5,5247,7.4,29,13.0,58.0,12.7,29.4,29.3,98.7,1005.4,1005.0,1005.0,11290,9999,10120,12860,,M,M,,,6310,FEW037,BKN050,OVC060,,None,29.4,98.7,,25,6.7,5247
2023-01-25 05:19:15,6.3,28,,6.0,5234,7.2,29,13.0,58.0,12.7,29.5,29.3,98.9,1005.4,1005.0,1005.0,10790,9999,10120,12860,,M,M,,,6622,FEW035,BKN050,OVC060,,None,29.5,98.9,,28,6.3,5234
2023-01-25 05:20:15,6.4,26,,6.2,5212,7.1,28,8.0,58.0,12.7,29.5,29.3,99.0,1005.4,1005.0,1005.0,8780,9999,8780,12850,,M,M,,,6818,FEW035,BKN050,OVC060,,None,29.5,99.0,,26,6.4,5212
2023-01-25 05:21:15,7.0,20,,6.9,5171,7.1,27,8.0,58.0,12.7,29.5,29.4,99.1,1005.4,1005.0,1004.9,10050,9999,8780,12810,,M,M,,,7048,FEW033,BKN050,OVC065,,None,29.5,99.1,,20,7.0,5171
2023-01-25 05:22:15,7.1,22,,6.9,5152,7.1,26,8.0,58.0,12.7,29.6,29.3,98.3,1005.4,1005.0,1004.9,10370,9999,8780,12810,,M,M,,,7064,FEW033,BKN050,OVC065,,None,29.6,98.3,,22,7.1,5152
2023-01-25 05:23:15,7.0,28,,6.7,5131,7.1,26,8.0,37.0,10.1,29.6,29.1,97.0,1005.4,1005.0,1004.9,10690,9999,8780,12810,,M,M,,,7146,FEW035,SCT050,OVC065,,None,29.6,97.0,,28,7.0,5131
2023-01-25 05:24:15,7.0,28,,6.7,5120,6.9,25,8.0,37.0,9.7,29.7,29.0,96.1,1005.4,1005.0,1004.9,10230,9999,8780,12330,,M,M,,,8507,FEW035,SCT050,OVC065,,None,29.7,96.1,,28,7.0,5120
2023-01-25 05:25:15,6.7,29,,6.3,5112,6.7,26,8.0,37.0,8.3,29.7,29.0,95.5,1005.4,1005.0,1004.9,9540,9999,8780,11310,,M,M,,,1376,FEW035,SCT050,BKN065,OVC074,None,29.7,95.5,,29,6.7,5112
2023-01-25 05:26:15,7.2,32,,6.7,5113,6.9,27,8.0,37.0,9.2,29.8,28.8,94.8,1005.4,1004.9,1004.9,9690,9999,8780,11290,,M,M,,,2491,FEW019,SCT050,BKN065,OVC074,None,29.8,94.8,,32,7.2,5113
2023-01-25 05:27:15,7.7,31,,7.2,5113,6.9,27,8.0,40.0,9.2,29.8,28.6,93.5,1005.4,1004.9,1004.9,9930,9999,8780,11290,,M,M,,,8507,FEW011,BKN055,OVC068,,None,29.8,93.5,,31,7.7,5113
2023-01-25 05:28:15,7.6,30,,7.1,5063,7.0,28,8.0,49.0,9.7,29.8,28.4,92.2,1005.4,1004.9,1004.9,10300,9999,8780,10790,,M,M,,,2278,FEW011,BKN055,OVC069,,-RA,29.8,92.2,,30,7.6,5063
2023-01-25 05:29:15,7.9,29,,7.5,5028,7.3,27,8.0,49.0,9.8,29.8,28.1,90.7,1005.4,1004.9,1004.9,10410,9000,8780,10690,,M,M,,,6769,FEW011,BKN055,OVC070,,-RA,29.8,90.7,,29,7.9,5028
2023-01-25 05:30:15,7.5,30,,7.0,5016,7.3,28,13.0,49.0,9.8,29.9,27.7,88.7,1005.4,1004.9,1004.9,10760,9999,9540,10760,,M,M,,,2557,FEW011,BKN055,OVC069,,-RA,29.9,88.7,,30,7.5,5016
2023-01-25 05:31:15,6.9,29,,6.5,5031,7.2,29,19.0,49.0,9.8,29.9,27.5,86.9,1005.1,1004.9,1004.9,11170,9999,9540,11170,,M,M,,,3753,FEW011,SCT031,BKN055,OVC071,-RA,29.9,86.9,,29,6.9,5031
2023-01-25 05:32:15,6.8,28,,6.5,5061,7.2,30,19.0,49.0,9.8,29.9,27.3,85.9,1005.1,1004.9,1004.8,11770,9999,9540,11770,,M,M,,,3688,FEW011,SCT031,BKN055,OVC071,-RA,29.9,85.9,,28,6.8,5061
2023-01-25 05:33:15,6.2,30,,5.8,5058,7.1,30,19.0,49.0,9.8,29.9,27.2,85.3,1005.1,1004.9,1004.8,11300,9999,9540,11770,,M,M,,,3983,FEW019,SCT037,BKN055,OVC070,-RA,29.9,85.3,,30,6.2,5058
2023-01-25 05:34:15,5.8,26,,5.6,5044,7.0,29,15.0,49.0,9.8,30.0,27.1,84.8,1005.1,1004.9,1004.8,12010,9999,9540,12010,,M,M,,,3753,FEW019,SCT037,BKN055,OVC069,-RA,30.0,84.8,,26,5.8,5044
2023-01-25 05:35:15,5.8,26,,5.6,5049,6.9,29,12.0,55.0,9.8,30.0,26.9,84.0,1005.1,1004.9,1004.8,12400,9999,9690,12400,,M,M,,,3704,FEW019,SCT037,BKN055,OVC069,-RA,30.0,84.0,,26,5.8,5049
2023-01-25 05:36:15,5.4,30,,5.1,5022,6.6,29,12.0,55.0,9.8,30.0,26.9,83.4,1005.1,1004.9,1004.8,12420,9999,9930,12420,,M,M,,,3671,FEW019,SCT037,BKN055,OVC069,-RA,30.0,83.4,,30,5.4,5022
2023-01-25 05:37:15,3.9,28,,3.7,4981,6.1,28,12.0,55.0,9.8,30.1,26.9,83.1,1005.1,1004.9,1004.8,12140,9999,10300,12420,,M,M,,,3622,FEW019,BKN037,BKN060,OVC070,None,30.1,83.1,,28,3.9,4981
2023-01-25 05:38:15,3.5,22,,3.4,5177,5.8,27,10.0,55.0,9.8,30.1,26.9,82.8,1005.1,1004.9,1004.8,12230,9999,10410,12420,,M,M,,,3589,FEW019,BKN037,BKN060,OVC070,None,30.1,82.8,,22,3.5,5177
2023-01-25 05:39:15,3.9,358,,3.8,5398,5.3,25,220.0,193.0,8.6,30.1,26.8,82.6,1005.1,1004.9,1004.8,12930,9999,10760,12930,,M,M,,,3671,FEW019,BKN037,BKN060,OVC070,None,30.1,82.6,,358,3.9,5398
2023-01-25 05:40:15,5.2,227,,4.2,5566,5.3,24,208.0,204.0,8.6,30.1,26.8,82.5,1005.1,1004.8,1004.8,17590,9999,10760,17590,,M,M,,,3671,FEW019,BKN037,BKN060,OVC071,None,30.1,82.5,,227,5.2,5566
2023-01-25 05:41:15,6.1,204,,5.9,5733,5.2,24,204.0,199.0,8.6,29.9,26.7,82.6,1005.1,1004.8,1004.7,20000,9999,11300,20000,,M,M,,,3540,FEW019,BKN037,OVC065,,None,29.9,82.6,,204,6.1,5733
2023-01-25 05:42:15,4.5,180,,4.4,5873,4.9,33,212.0,211.0,8.6,29.7,26.4,82.6,1005.1,1004.8,1004.7,20000,9999,11300,20000,,M,M,,,3573,FEW019,BKN037,OVC070,,None,29.7,82.6,,180,4.5,5873
2023-01-25 05:43:15,3.1,147,,2.3,6062,4.6,61,292.0,231.0,8.6,29.6,26.3,82.5,1005.1,1004.7,1004.6,20000,9999,12010,20000,,M,M,,,3540,BKN037,BKN070,OVC085,,None,29.6,82.5,,147,3.1,6062
2023-01-25 05:44:15,2.2,147,,1.6,6307,4.1,100,292.0,231.0,8.6,29.4,26.1,82.5,1005.1,1004.7,1004.6,20000,9999,12140,20000,,M,M,,,3589,BKN037,BKN070,OVC085,,None,29.4,82.5,,147,2.2,6307
2023-01-25 05:45:15,1.9,94,,0.2,6617,3.8,110,292.0,231.0,8.6,29.2,26.1,82.8,1005.1,1004.6,1004.6,20000,9999,12140,20000,,M,M,,,3425,BKN037,BKN070,OVC085,,None,29.2,82.8,,94,1.9,6617
2023-01-25 05:46:15,2.6,29,,2.5,6888,3.6,142,322.0,311.0,8.6,29.1,26.1,83.5,1004.7,1004.5,1004.5,20000,9999,12140,20000,,M,M,,,3409,BKN037,BKN070,OVC085,,None,29.1,83.5,,29,2.6,6888
2023-01-25 05:47:15,3.5,164,,3.1,7101,3.7,164,345.0,336.0,8.6,29.1,26.3,84.3,1004.7,1004.6,1004.5,20000,9999,12230,20000,,M,M,,,3425,BKN037,BKN070,OVC085,,None,29.1,84.3,,164,3.5,7101
2023-01-25 05:48:15,7.5,206,,7.2,7364,4.4,183,8.0,1.0,15.3,29.1,26.4,85.0,1004.7,1004.5,1004.5,16980,9999,12930,20000,,M,M,,,3606,BKN037,BKN070,OVC085,,None,29.1,85.0,,206,7.5,7364
2023-01-25 05:49:15,12.1,240,,7.8,7630,5.4,189,18.0,1.0,15.4,29.1,26.4,84.8,1004.7,1004.5,1004.4,17370,9999,16980,20000,,M,M,,,3884,BKN037,BKN070,OVC085,,None,29.1,84.8,,240,12.1,7630
2023-01-25 05:50:15,11.4,234,,8.2,7830,5.6,192,18.0,1.0,15.4,29.3,26.4,84.6,1004.7,1004.5,1004.4,15920,9999,15920,20000,,M,M,,,3753,BKN037,BKN070,OVC085,,None,29.3,84.6,,234,11.4,7830
2023-01-25 05:51:15,7.0,207,,6.7,7968,5.5,189,18.0,1.0,15.4,29.5,26.4,83.5,1004.7,1004.6,1004.5,15030,9999,15030,20000,,M,M,,,4016,BKN037,BKN070,OVC085,,None,29.5,83.5,,207,7.0,7968
2023-01-25 05:52:15,4.0,174,15.4,3.8,8051,5.5,189,18.0,1.0,15.4,29.7,26.3,82.1,1004.7,1004.5,1004.5,15050,9999,15030,20000,,M,M,,,3786,BKN037,BKN070,OVC085,,None,29.7,82.1,,174,4.0,8051
2023-01-25 05:53:15,3.8,177,15.4,3.7,8139,5.6,197,18.0,1.0,15.4,29.8,26.2,80.7,1004.7,1004.5,1004.4,15630,9999,15030,20000,,M,M,,,4475,FEW018,OVC037,,,None,29.8,80.7,,177,3.8,8139
2023-01-25 05:54:15,4.4,206,15.4,4.2,8270,6.0,205,36.0,18.0,15.4,30.0,26.2,80.1,1004.7,1004.5,1004.4,15430,9999,15030,20000,,M,M,,,4327,FEW018,OVC037,,,None,30.0,80.1,,206,4.4,8270
2023-01-25 05:55:15,4.7,233,15.4,3.4,8446,6.2,210,109.0,1.0,15.4,30.1,26.2,79.4,1004.7,1004.4,1004.4,15480,9999,15030,20000,,M,M,,,4081,BKN037,,,,None,30.1,79.4,,233,4.7,8446
2023-01-25 05:56:15,3.4,247,15.4,1.9,8600,6.1,214,131.0,279.0,15.4,30.1,26.2,79.0,1004.7,1004.4,1004.4,16610,9999,15030,20000,,M,M,,,4245,OVC037,,,,None,30.1,79.0,,247,3.4,8600
2023-01-25 05:57:15,2.0,266,15.4,0.5,8675,5.9,225,147.0,321.0,15.4,30.2,26.3,79.2,1004.7,1004.4,1004.3,16680,9999,15030,17370,,M,M,,,4294,OVC039,,,,None,30.2,79.2,,266,2.0,8675
2023-01-25 05:58:15,2.1,281,15.4,0.0,8768,5.1,228,147.0,321.0,15.4,30.2,26.4,79.6,1004.7,1004.4,1004.3,16130,9999,15030,17370,,M,M,,,2508,OVC039,,,,None,30.2,79.6,,281,2.1,8768
2023-01-25 05:59:15,2.5,272,14.2,0.3,8949,4.0,231,147.0,321.0,14.2,30.2,26.6,80.1,1004.7,1004.4,1004.3,17360,9999,15030,17360,,M,M,,,3819,FEW024,OVC039,,,None,30.2,80.1,,272,2.5,8949
2023-01-25 06:00:15,1.8,238,13.9,1.2,9108,3.1,228,75.0,321.0,6.3,30.3,26.7,80.1,1004.7,1004.4,1004.3,16220,9999,15030,17360,,M,M,,,1508,OVC039,,,,None,30.3,80.1,,238,1.8,9108
2023-01-25 06:01:15,1.7,216,,1.5,9166,2.9,235,75.0,321.0,6.3,30.3,26.7,80.1,1004.7,1004.4,1004.3,17240,9999,15050,17360,,M,M,,,4458,BKN036,OVC043,,,None,30.3,80.1,,216,1.7,9166
2023-01-25 06:02:15,3.8,243,,2.3,9170,3.1,243,75.0,321.0,7.1,30.4,26.9,80.7,1004.7,1004.3,1004.3,19060,9999,15430,19060,,M,M,,,4163,BKN036,OVC043,,,None,30.4,80.7,,243,3.8,9170
2023-01-25 06:03:15,4.7,243,,2.8,9114,3.1,249,75.0,321.0,7.1,30.4,27.0,81.2,1004.7,1004.3,1004.3,16730,9999,15430,19060,,M,M,,,3868,OVC039,,,,None,30.4,81.2,,243,4.7,9114
2023-01-25 06:04:15,4.1,236,,2.8,8981,3.0,250,75.0,321.0,7.1,30.3,27.0,81.5,1004.7,1004.4,1004.3,16900,9999,15480,19060,,M,M,,,3819,OVC039,,,,None,30.3,81.5,,236,4.1,8981
2023-01-25 06:05:15,4.2,250,,2.1,8758,3.0,252,75.0,321.0,7.1,30.2,27.1,82.7,1004.7,1004.4,1004.3,17340,9999,16130,19060,,M,M,,,7655,FEW026,OVC039,,,VCTS,30.2,82.7,,250,4.2,8758
2023-01-25 06:06:15,3.6,266,,0.9,8486,3.1,254,75.0,321.0,7.1,30.1,27.3,84.2,1004.7,1004.5,1004.4,18000,9999,16130,19060,,M,M,,,1737,FEW016,BKN037,OVC044,,VCTS,30.1,84.2,,266,3.6,8486
2023-01-25 06:07:15,4.2,273,,0.5,8170,3.5,254,75.0,316.0,7.1,30.0,27.4,85.8,1004.7,1004.5,1004.4,18690,9999,16130,19060,,M,M,,,3458,FEW016,BKN037,OVC044,,VCTS,30.0,85.8,,273,4.2,8170
2023-01-25 06:08:15,5.3,278,,0.2,7795,3.7,254,75.0,306.0,7.2,29.9,27.6,87.0,1004.7,1004.5,1004.5,15910,9999,15910,19060,,M,M,,,4442,FEW016,BKN037,OVC044,,VCTS,29.9,87.0,,278,5.3,7795
2023-01-25 06:09:15,5.3,277,,0.3,7412,4.0,255,75.0,306.0,7.2,30.0,27.8,88.0,1004.7,1004.5,1004.5,12280,9999,12280,19060,,M,M,,,4475,FEW016,BKN037,OVC044,,VCTS,30.0,88.0,,277,5.3,7412
2023-01-25 06:10:15,5.5,279,,0.1,7080,4.5,260,213.0,306.0,7.2,30.0,28.0,88.3,1004.7,1004.5,1004.5,14470,9999,12280,19060,,M,M,,,4212,FEW016,BKN037,OVC044,,VCTS,30.0,88.3,,279,5.5,7080
2023-01-25 06:11:15,5.9,290,,1.0,6834,4.9,267,213.0,322.0,7.6,30.0,28.1,88.7,1004.7,1004.5,1004.5,13440,9999,12280,19060,,M,M,,,4114,FEW019,BKN037,OVC044,,VCTS,30.0,88.7,,290,5.9,6834
2023-01-25 06:12:15,5.7,314,,3.2,6674,4.9,274,213.0,332.0,8.8,30.1,27.8,86.9,1004.7,1004.5,1004.5,15960,9999,12280,18690,,M,M,,,4229,FEW019,BKN037,OVC044,,VCTS,30.1,86.9,,314,5.7,6674
2023-01-25 06:13:15,6.0,336,,5.0,6490,5.1,284,213.0,0.0,10.6,30.1,27.4,85.1,1004.7,1004.5,1004.5,19060,9999,12280,19060,,M,M,,,3737,FEW019,BKN037,OVC044,,VCTS,30.1,85.1,,336,6.0,6490
2023-01-25 06:14:15,6.1,1,,6.0,6294,5.2,297,232.0,33.0,10.6,30.2,27.1,83.5,1004.7,1004.5,1004.5,18160,9999,12280,19060,,M,M,,,3753,FEW019,BKN037,OVC044,,VCTS,30.2,83.5,,1,6.1,6294
2023-01-25 06:15:15,4.3,14,,4.3,6104,5.2,308,232.0,33.0,10.6,30.2,26.9,82.0,1004.7,1004.5,1004.5,20000,9999,12280,20000,,M,M,,,3770,FEW019,BKN037,OVC044,,VCTS,30.2,82.0,,14,4.3,6104
2023-01-25 06:16:15,2.6,14,,2.6,5940,5.0,320,262.0,50.0,10.6,30.3,26.7,80.2,1004.7,1004.6,1004.5,20000,9999,12280,20000,,M,M,,,3901,FEW019,BKN039,OVC046,,VCTS,30.3,80.2,,14,2.6,5940
2023-01-25 06:17:15,1.9,6,,1.9,5797,4.7,329,262.0,50.0,10.6,30.4,26.6,79.4,1004.7,1004.6,1004.5,20000,9999,12280,20000,,M,M,,,3803,FEW019,OVC041,,,VCTS,30.4,79.4,,6,1.9,5797
2023-01-25 06:18:15,3.4,349,,3.2,5666,4.7,336,262.0,50.0,10.6,30.4,26.6,79.0,1005.1,1004.6,1004.5,20000,9999,12280,20000,,M,M,,,3704,OVC041,,,,VCTS,30.4,79.0,,349,3.4,5666
2023-01-25 06:19:15,5.1,333,,4.1,5600,4.7,340,262.0,50.0,10.6,30.4,26.6,78.9,1004.7,1004.6,1004.5,20000,9999,13440,20000,,M,M,,,3819,FEW019,OVC041,,,VCTS,30.4,78.9,,333,5.1,5600
2023-01-25 06:20:15,6.8,316,,4.0,5544,4.9,343,281.0,50.0,12.4,30.4,26.7,79.4,1004.7,1004.6,1004.5,20000,9999,13440,20000,,M,M,,,3622,OVC041,,,,VCTS,30.4,79.4,,316,6.8,5544
2023-01-25 06:21:15,8.8,284,,0.6,5433,5.2,341,231.0,50.0,12.4,30.3,26.9,80.3,1004.7,1004.5,1004.4,20000,9999,15960,20000,,M,M,,,3589,OVC041,,,,VCTS,30.3,80.3,,284,8.8,5433
2023-01-25 06:22:15,9.4,258,,3.5,5265,5.6,336,231.0,50.0,12.4,30.2,27.1,82.0,1004.7,1004.6,1004.5,20000,9999,18160,20000,,M,M,,,3606,OVC041,,,,VCTS,30.2,82.0,,258,9.4,5265
2023-01-25 06:23:15,9.7,257,,3.8,5042,6.0,325,231.0,50.0,12.4,30.0,27.3,84.1,1004.7,1004.5,1004.5,20000,9999,18160,20000,,M,M,,,3720,BKN038,OVC045,,,VCTS,30.0,84.1,,257,9.7,5042
2023-01-25 06:24:15,10.7,256,,4.4,4799,6.6,311,231.0,50.0,13.6,29.7,27.5,87.1,1004.7,1004.5,1004.5,20000,9999,20000,20000,,M,M,,,3704,BKN038,OVC045,,,VCTS,29.7,87.1,,256,10.7,4799
2023-01-25 06:25:15,12.4,265,,3.2,4533,7.6,299,231.0,50.0,15.0,29.3,27.7,90.3,1004.7,1004.5,1004.4,20000,9999,20000,20000,,M,M,,,3638,BKN038,OVC045,,,VCTS,29.3,90.3,,265,12.4,4533
2023-01-25 06:26:15,12.9,274,,1.3,4282,8.6,289,231.0,18.0,15.5,29.0,27.8,93.0,1004.7,1004.5,1004.5,20000,9999,20000,20000,,M,M,,,3278,BKN038,OVC045,,,VCTS,29.0,93.0,,274,12.9,4282
2023-01-25 06:27:15,14.8,284,,1.0,3984,10.2,283,231.0,13.0,20.5,28.7,27.9,94.8,1004.7,1004.5,1004.4,20000,9999,20000,20000,,M,M,,,3245,FEW019,BKN038,OVC045,,VCTS,28.7,94.8,,284,14.8,3984
2023-01-25 06:28:15,15.5,289,,2.4,3611,11.0,279,231.0,336.0,20.5,28.5,27.6,95.0,1004.7,1004.5,1004.5,20000,9999,20000,20000,,M,M,,,2770,BKN036,OVC045,,,VCTS,28.5,95.0,,289,15.5,3611
2023-01-25 06:29:15,13.5,286,,1.4,3208,11.8,275,231.0,336.0,20.5,28.2,27.3,94.7,1004.7,1004.5,1004.5,18140,9999,18140,20000,,M,M,,,2884,BKN036,OVC045,,,VCTS,28.2,94.7,,286,13.5,3208
2023-01-25 06:30:15,14.4,287,,1.8,2854,12.6,273,231.0,297.0,20.5,28.0,26.9,93.8,1004.7,1004.5,1004.4,17860,9999,17860,20000,,M,M,,,3081,BKN036,OVC045,,,VCTS,28.0,93.8,,287,14.4,2854
2023-01-25 06:31:15,16.0,289,,2.5,2574,13.3,276,246.0,297.0,20.5,27.8,26.6,92.8,1004.7,1004.5,1004.4,16350,9999,16350,20000,,M,M,,,3688,BKN036,OVC045,,,VCTS,27.8,92.8,,289,16.0,2574
2023-01-25 06:32:15,16.5,287,,2.0,2352,14.0,279,252.0,297.0,20.5,27.6,26.3,92.2,1004.7,1004.4,1004.4,17310,9999,16350,20000,,M,M,,,3835,BKN036,OVC045,,,VCTS,27.6,92.2,,287,16.5,2352
2023-01-25 06:33:15,16.5,289,,2.6,2178,14.6,282,254.0,301.0,20.5,27.5,26.2,92.7,1004.7,1004.4,1004.4,17270,9999,16350,20000,,M,M,,,3934,BKN036,OVC045,,,VCTS,27.5,92.7,,289,16.5,2178
2023-01-25 06:34:15,15.4,293,,3.5,2059,14.9,286,266.0,301.0,20.5,27.4,26.1,92.8,1004.7,1004.4,1004.3,17340,9999,16350,20000,,M,M,,,3884,SCT031,BKN038,OVC045,,VCTS,27.4,92.8,,293,15.4,2059
2023-01-25 06:35:15,13.7,294,,3.3,1983,14.9,288,266.0,305.0,20.5,27.3,26.1,93.2,1004.7,1004.4,1004.3,14700,9999,14700,20000,,M,M,,,2852,SCT031,BKN038,OVC045,,VCTS,27.3,93.2,,294,13.7,1983
2023-01-25 06:36:15,14.0,290,,2.4,1927,15.1,289,276.0,305.0,20.5,27.2,26.2,94.0,1004.7,1004.3,1004.3,15350,9999,14700,20000,,M,M,,,2885,SCT031,BKN038,OVC045,,VCTS,27.2,94.0,,290,14.0,1927
2023-01-25 06:37:15,16.7,284,,1.2,1924,15.3,288,276.0,305.0,21.8,27.1,26.4,95.5,1004.7,1004.3,1004.3,19330,9999,14700,20000,,M,M,,,2983,BKN035,OVC045,,,VCTS,27.1,95.5,,284,16.7,1924
2023-01-25 06:38:15,18.9,290,,3.3,1956,15.8,289,276.0,305.0,22.3,27.0,26.6,96.8,1004.7,1004.3,1004.2,17210,9999,14700,19330,,M,M,,,2901,SCT030,OVC039,,,VCTS,27.0,96.8,,290,18.9,1956
2023-01-25 06:39:15,19.5,297,,5.7,2012,16.5,291,276.0,308.0,23.1,26.9,26.7,98.2,1004.7,1004.3,1004.2,16790,9999,14700,19330,,M,M,,,4261,SCT030,OVC039,,,VCTS,26.9,98.2,,297,19.5,2012
2023-01-25 06:40:15,18.3,299,,6.0,2058,16.6,292,276.0,308.0,23.1,26.9,26.8,99.3,1004.7,1004.4,1004.3,16160,9999,14700,19330,,M,M,,,4229,SCT030,OVC039,,,VCTS,26.9,99.3,,299,18.3,2058
2023-01-25 06:41:15,15.6,300,,5.3,2070,16.4,293,276.0,308.0,23.1,26.8,26.8,100.0,1004.7,1004.5,1004.4,14200,9999,14200,19330,,M,M,,,3016,SCT030,OVC039,,,VCTS,26.8,100.0,,300,15.6,2070
2023-01-25 06:42:15,13.7,298,,4.2,2060,16.1,294,276.0,308.0,23.1,26.7,26.7,100.0,1004.7,1004.5,1004.4,14510,9999,14200,19330,,M,M,,,4327,SCT030,OVC039,,,VCTS,26.7,100.0,,298,13.7,2060
2023-01-25 06:43:15,15.2,300,,5.2,2030,16.1,295,276.0,319.0,23.1,26.6,26.6,100.0,1004.7,1004.4,1004.4,16560,9999,14200,19330,,M,M,,,4343,SCT030,OVC039,,,VCTS,26.6,100.0,,300,15.2,2030
2023-01-25 06:44:15,16.1,306,,7.1,2015,16.2,296,276.0,319.0,23.1,26.5,26.5,100.0,1004.7,1004.4,1004.3,17890,9999,14200,19330,,M,M,,,4622,SCT030,BKN039,OVC045,,VCTS,26.5,100.0,,306,16.1,2015
2023-01-25 06:45:15,15.5,308,,7.2,1964,16.5,298,276.0,319.0,23.1,26.5,26.5,100.0,1004.7,1004.3,1004.2,16370,9999,14200,19330,,M,M,,,4753,SCT030,OVC039,,,VCTS,26.5,100.0,,308,15.5,1964
2023-01-25 06:46:15,16.2,312,,8.6,1893,16.7,301,279.0,319.0,23.1,26.4,26.4,100.0,1004.4,1004.2,1004.1,15030,9999,14200,19330,,M,M,,,4425,SCT030,BKN039,OVC047,,VCTS,26.4,100.0,,312,16.2,1893
2023-01-25 06:47:15,15.5,307,,7.0,1767,16.2,303,289.0,319.0,23.1,26.3,26.3,100.0,1004.4,1004.2,1004.1,15160,9999,14200,17890,,M,M,,,7589,SCT030,BKN039,OVC045,,VCTS,26.3,100.0,,307,15.5,1767
2023-01-25 06:48:15,14.5,304,,5.9,1625,15.8,304,289.0,319.0,23.1,26.3,26.3,100.0,1004.4,1004.1,1004.1,15330,9999,14200,17890,,M,M,,,5016,SCT030,BKN039,OVC045,,VCTS,26.3,100.0,,304,14.5,1625
2023-01-25 06:49:15,14.7,305,,6.2,1507,15.3,304,289.0,319.0,19.5,26.2,26.2,100.0,1004.4,1004.0,1004.0,18000,9999,14200,18000,,M,M,,,4704,SCT030,BKN039,OVC045,,VCTS,26.2,100.0,,305,14.7,1507
2023-01-25 06:50:15,14.8,305,,6.3,1404,15.1,305,289.0,319.0,19.5,26.2,26.2,100.0,1004.4,1004.0,1003.9,17820,9999,14200,18000,,M,M,,,5130,SCT030,BKN039,OVC047,,VCTS,26.2,100.0,,305,14.8,1404
2023-01-25 06:51:15,14.5,303,,5.7,1344,15.1,305,289.0,319.0,19.5,26.2,26.2,100.0,1004.4,1003.9,1003.9,19120,9999,14510,19120,,M,M,,,5245,SCT030,BKN039,OVC047,,VCTS,26.2,100.0,,303,14.5,1344
2023-01-25 06:52:15,12.7,303,,5.0,1345,14.9,306,292.0,319.0,19.5,26.2,26.2,100.0,1004.4,1003.9,1003.9,18470,9999,15030,19120,,M,M,,,5589,SCT030,BKN039,BKN047,OVC055,VCTS,26.2,100.0,,303,12.7,1345
2023-01-25 06:53:15,11.2,306,,4.9,1392,14.2,306,292.0,319.0,19.5,26.3,26.3,100.0,1004.4,1004.0,1003.9,16860,9999,15030,19120,,M,M,,,5130,FEW030,SCT037,BKN047,OVC055,VCTS,26.3,100.0,,306,11.2,1392
2023-01-25 06:54:15,10.9,307,,4.9,1469,13.8,306,292.0,319.0,19.5,26.3,26.3,100.0,1004.4,1004.0,1003.9,15110,9999,15030,19120,,M,M,,,4130,FEW030,SCT037,BKN047,OVC055,VCTS,26.3,100.0,,307,10.9,1469
2023-01-25 06:55:15,10.4,307,,4.7,1515,13.2,306,292.0,319.0,19.5,26.3,26.3,100.0,1004.4,1004.0,1003.9,15900,9999,15030,19120,,M,M,,,3622,FEW030,SCT037,BKN047,OVC055,VCTS,26.3,100.0,,307,10.4,1515
2023-01-25 06:56:15,9.3,308,,4.4,1512,12.4,305,292.0,317.0,18.3,26.3,26.3,100.0,1004.4,1004.0,1004.0,10970,9999,10970,19120,,M,M,,,5753,FEW030,SCT037,BKN047,OVC055,VCTS,26.3,100.0,,308,9.3,1512
2023-01-25 06:57:15,7.7,310,18.3,3.8,1504,11.7,306,292.0,323.0,18.3,26.2,26.2,100.0,1004.4,1004.0,1004.0,5140,9999,5140,19120,,M,M,,,2917,SCT030,BKN044,OVC055,,VCTS,26.2,100.0,,310,7.7,1504
2023-01-25 06:58:15,7.3,306,17.9,3.2,1517,11.0,306,291.0,323.0,17.9,26.2,26.2,100.0,1004.4,1004.0,1004.0,3120,9000,3120,19120,,M,M,,,2737,SCT030,BKN039,BKN046,OVC055,VCTS,26.2,100.0,,306,7.3,1517
2023-01-25 06:59:15,9.2,304,17.6,3.7,1527,10.6,306,291.0,323.0,16.9,26.1,26.1,100.0,1004.4,1004.1,1004.0,4690,8000,3120,19120,,M,M,,,3622,SCT030,BKN039,BKN046,OVC055,VCTS,26.1,100.0,,304,9.2,1527
2023-01-25 07:00:15,9.5,304,,3.9,1510,9.9,306,291.0,323.0,16.9,26.1,26.1,100.0,1004.4,1004.0,1004.0,4470,7000,3120,19120,,M,M,,,3491,SCT030,BKN039,BKN046,OVC055,VCTS,26.1,100.0,,304,9.5,1510
2023-01-25 07:01:15,8.6,299,,2.8,1477,9.4,305,279.0,323.0,14.0,26.0,26.0,100.0,1004.4,1004.1,1004.0,4510,6000,3120,18470,,M,M,,,508,SCT030,BKN039,OVC050,,VCTS,26.0,100.0,,299,8.6,1477
2023-01-25 07:02:15,8.6,300,,2.9,1453,9.1,305,279.0,323.0,13.2,26.0,26.0,100.0,1004.4,1004.0,1004.0,5230,6000,3120,16860,,M,M,,,4081,FEW030,BKN039,BKN046,OVC055,VCTS,26.0,100.0,,300,8.6,1453
2023-01-25 07:03:15,8.9,309,,4.3,1436,9.0,306,279.0,325.0,13.2,26.0,26.0,100.0,1004.4,1004.0,1004.0,6570,5000,3120,15900,,M,M,,,3868,FEW030,BKN039,OVC050,,VCTS,26.0,100.0,,309,8.9,1436
2023-01-25 07:04:15,9.6,319,,6.0,1410,8.8,307,279.0,328.0,13.2,26.0,26.0,100.0,1004.4,1004.0,1003.9,8770,5000,3120,15900,,M,M,,,6081,FEW030,BKN039,BKN048,OVC060,VCTS,26.0,100.0,,319,9.6,1410
2023-01-25 07:05:15,9.0,322,,6.0,1387,8.7,309,279.0,328.0,13.2,26.0,26.0,100.0,1004.4,1004.0,1003.9,9800,5000,3120,10970,,M,M,,,3311,FEW030,BKN039,BKN050,OVC065,VCTS,26.0,100.0,,322,9.0,1387
2023-01-25 07:06:15,8.5,326,,6.1,1375,8.7,311,279.0,339.0,13.2,26.0,26.0,100.0,1004.4,1004.0,1004.0,9920,5000,3120,9920,,M,M,,,6343,FEW030,BKN039,BKN048,OVC065,VCTS,26.0,100.0,,326,8.5,1375
2023-01-25 07:07:15,7.7,329,,5.8,1380,8.7,313,279.0,341.0,13.2,26.0,26.0,100.0,1004.4,1004.0,1004.0,13130,5000,3120,13130,,M,M,,,6278,SCT035,BKN046,OVC060,,VCTS,26.0,100.0,,329,7.7,1380
2023-01-25 07:08:15,6.6,327,,4.8,1397,8.6,315,279.0,341.0,13.2,26.0,26.0,100.0,1004.4,1004.0,1004.0,12710,6000,4470,13130,,M,M,,,6376,SCT035,BKN046,OVC060,,VCTS,26.0,100.0,,327,6.6,1397
2023-01-25 07:09:15,5.7,325,,4.0,1425,8.0,317,279.0,341.0,12.9,25.9,25.9,100.0,1004.4,1004.0,1004.0,12670,7000,4470,13130,,M,M,,,6458,SCT037,BKN046,OVC060,,VCTS,25.9,100.0,,325,5.7,1425
2023-01-25 07:10:15,4.8,327,,3.5,1449,7.6,320,279.0,341.0,12.9,25.9,25.9,100.0,1004.4,1004.0,1004.0,12290,8000,4510,13130,,M,M,,,6524,SCT037,BKN048,OVC065,,VCTS,25.9,100.0,,327,4.8,1449
2023-01-25 07:11:15,4.4,333,,3.5,1470,7.1,324,293.0,346.0,11.5,26.0,26.0,100.0,1004.4,1004.0,1003.9,10930,9000,5230,13130,,M,M,,,6507,SCT037,BKN048,OVC065,,VCTS,26.0,100.0,,333,4.4,1470
2023-01-25 07:12:15,4.5,335,,3.7,1491,6.8,327,308.0,348.0,11.5,26.0,26.0,100.0,1004.4,1004.0,1003.9,11260,9999,6570,13130,,M,M,,,6573,SCT037,BKN048,OVC065,,VCTS,26.0,100.0,,335,4.5,1491
2023-01-25 07:13:15,4.4,329,,3.3,1519,6.2,328,297.0,348.0,11.5,26.0,26.0,100.0,1004.4,1004.0,1003.9,14030,9999,8770,14030,,M,M,,,6589,FEW037,BKN048,OVC065,,VCTS,26.0,100.0,,329,4.4,1519
2023-01-25 07:14:15,3.3,316,,1.9,1539,5.5,326,285.0,348.0,10.3,26.1,26.1,100.0,1004.4,1003.9,1003.9,13950,9999,9800,14030,,M,M,,,6605,FEW034,SCT044,OVC065,,VCTS,26.1,100.0,,316,3.3,1539
2023-01-25 07:15:15,3.1,303,,1.2,1549,5.0,324,285.0,348.0,10.3,26.1,26.1,100.0,1004.4,1003.9,1003.9,14510,9999,9920,14510,,M,M,,,6720,FEW034,SCT044,OVC065,,VCTS,26.1,100.0,,303,3.1,1549
2023-01-25 07:16:15,3.8,296,,1.0,1551,4.6,320,280.0,348.0,8.4,26.0,26.0,100.0,1004.4,1003.9,1003.9,15540,9999,10930,15540,,M,M,,,6704,FEW034,SCT044,OVC065,,VCTS,26.0,100.0,,296,3.8,1551
2023-01-25 07:17:15,4.6,291,,0.9,1550,4.4,316,274.0,348.0,7.5,26.0,26.0,100.0,1004.4,1003.9,1003.9,14630,9999,10930,15540,,M,M,,,6671,FEW034,SCT044,SCT055,OVC065,VCTS,26.0,100.0,,291,4.6,1550
2023-01-25 07:18:15,5.4,294,,1.3,1547,4.4,314,274.0,348.0,7.7,26.0,26.0,100.0,1004.4,1003.9,1003.9,16550,9999,10930,16550,,M,M,,,1967,FEW039,OVC065,,,VCTS,26.0,100.0,,294,5.4,1547
2023-01-25 07:19:15,5.4,296,,1.5,1541,4.4,310,274.0,348.0,7.7,26.0,26.0,100.0,1004.4,1003.9,1003.9,17980,9999,10930,17980,,M,M,,,2180,FEW023,SCT039,OVC065,,VCTS,26.0,100.0,,296,5.4,1541
2023-01-25 07:20:15,6.0,291,,1.1,1559,4.6,306,274.0,348.0,8.1,26.0,26.0,100.0,1004.4,1003.9,1003.9,15730,9999,10930,17980,,M,M,,,6671,FEW037,SCT055,OVC066,,VCTS,26.0,100.0,,291,6.0,1559
2023-01-25 07:21:15,6.4,295,,1.7,1596,4.8,303,274.0,348.0,8.1,26.0,26.0,100.0,1004.4,1003.9,1003.9,12320,9999,11260,17980,,M,M,,,6769,FEW037,SCT055,OVC067,,VCTS,26.0,100.0,,295,6.4,1596
2023-01-25 07:22:15,5.7,298,,1.8,1640,4.8,299,274.0,344.0,8.1,26.0,26.0,100.0,1004.4,1003.9,1003.9,20000,9999,12320,20000,,M,M,,,2065,FEW021,SCT037,SCT055,OVC067,VCTS,26.0,100.0,,298,5.7,1640
2023-01-25 07:23:15,5.7,299,,1.9,1664,5.0,297,274.0,321.0,8.1,26.1,26.1,100.0,1004.4,1004.0,1003.9,20000,9999,12320,20000,,M,M,,,0,FEW021,SCT037,OVC065,,VCTS,26.1,100.0,,299,5.7,1664
2023-01-25 07:24:15,6.5,308,,3.1,1677,5.5,297,274.0,330.0,8.2,26.2,26.2,100.0,1004.4,1004.0,1003.9,20000,9999,12320,20000,,M,M,,,7655,FEW021,SCT037,OVC065,,VCTS,26.2,100.0,,308,6.5,1677
2023-01-25 07:25:15,7.4,309,,3.6,1689,5.9,298,274.0,330.0,9.4,26.3,26.3,100.0,1004.4,1004.0,1003.9,20000,9999,12320,20000,,M,M,,,0,FEW021,SCT037,OVC065,,VCTS,26.3,100.0,,309,7.4,1689
2023-01-25 07:26:15,7.8,313,,4.2,1702,6.3,301,274.0,330.0,9.7,26.3,26.3,100.0,1004.4,1004.0,1003.9,20000,9999,12320,20000,,M,M,,,0,FEW021,SCT037,BKN070,,VCTS,26.3,100.0,,313,7.8,1702
2023-01-25 07:27:15,8.1,322,,5.4,1707,6.6,304,284.0,330.0,11.0,26.4,26.4,100.0,1004.4,1003.9,1003.9,20000,9999,12320,20000,,M,M,,,0,FEW021,SCT037,BKN070,,VCTS,26.4,100.0,,322,8.1,1707
2023-01-25 07:28:15,7.6,324,,5.3,1704,6.7,307,284.0,330.0,11.0,26.5,26.5,100.0,1004.4,1004.0,1003.9,20000,9999,12320,20000,,M,M,,,7163,FEW021,SCT037,BKN070,,VCTS,26.5,100.0,,324,7.6,1704
2023-01-25 07:29:15,7.1,325,,5.0,1717,7.0,310,284.0,343.0,11.0,26.6,26.6,100.0,1004.4,1004.0,1003.9,20000,9999,12320,20000,,M,M,,,0,FEW021,SCT037,BKN070,,VCTS,26.6,100.0,,325,7.1,1717
2023-01-25 07:30:15,8.1,327,,5.9,1738,7.1,314,285.0,343.0,11.0,26.7,26.7,100.0,1004.4,1004.0,1003.9,20000,9999,12320,20000,,M,M,,,0,FEW021,BKN070,,,VCTS,26.7,100.0,,327,8.1,1738
2023-01-25 07:31:15,8.9,324,,6.2,1753,7.5,316,285.0,343.0,12.3,26.7,26.7,100.0,1004.4,1004.0,1003.9,20000,9999,20000,20000,,M,M,,,0,FEW021,BKN070,,,VCTS,26.7,100.0,,324,8.9,1753
2023-01-25 07:32:15,9.3,324,,6.5,1763,7.9,319,296.0,343.0,12.3,26.8,26.8,100.0,1004.4,1004.0,1003.9,20000,9999,20000,20000,,M,M,,,4819,FEW021,BKN070,,,VCTS,26.8,100.0,,324,9.3,1763
2023-01-25 07:33:15,9.8,330,,7.5,1789,8.3,322,299.0,343.0,12.3,26.8,26.8,100.0,1004.4,1004.0,1003.9,20000,9999,20000,20000,,M,M,,,5032,FEW021,BKN070,,,VCTS,26.8,100.0,,330,9.8,1789
2023-01-25 07:34:15,9.6,337,,8.1,1824,8.5,325,299.0,357.0,12.3,26.8,26.8,100.0,1004.4,1004.0,1004.0,20000,9999,20000,20000,,M,M,,,0,FEW021,BKN070,,,VCTS,26.8,100.0,,337,9.6,1824
2023-01-25 07:35:15,9.2,345,,8.3,1860,8.7,329,299.0,1.0,12.3,26.8,26.8,100.0,1004.4,1004.0,1003.9,20000,9999,20000,20000,,M,M,,,0,FEW021,BKN070,,,VCTS,26.8,100.0,,345,9.2,1860
2023-01-25 07:36:15,8.8,343,,7.8,1885,8.7,331,299.0,1.0,12.3,26.6,26.6,100.0,1004.4,1004.0,1004.0,20000,9999,20000,20000,,M,M,,,0,FEW021,BKN070,,,VCTS,26.6,100.0,,343,8.8,1885
2023-01-25 07:37:15,8.2,334,,6.6,1892,8.6,332,299.0,1.0,12.3,26.5,26.5,100.0,1004.4,1004.0,1003.9,20000,9999,20000,20000,,M,M,,,0,FEW021,BKN070,,,VCTS,26.5,100.0,,334,8.2,1892
2023-01-25 07:38:15,7.7,326,,5.5,1893,8.7,332,299.0,1.0,12.3,26.3,26.3,100.0,1004.4,1004.0,1003.9,19590,9999,19590,20000,,M,M,,,0,FEW021,BKN070,,,VCTS,26.3,100.0,,326,7.7,1893
2023-01-25 07:39:15,7.4,318,,4.6,1898,8.7,330,299.0,1.0,12.3,26.2,26.2,100.0,1004.4,1004.0,1003.9,20000,9999,19590,20000,,M,M,,,0,FEW021,BKN070,,,VCTS,26.2,100.0,,318,7.4,1898
2023-01-25 07:40:15,8.0,315,,4.6,1892,8.7,329,299.0,1.0,12.3,26.1,26.1,100.0,1004.4,1004.0,1003.9,20000,9999,19590,20000,,M,M,,,0,FEW021,BKN070,,,VCTS,26.1,100.0,,315,8.0,1892
2023-01-25 07:41:15,8.6,323,,5.9,1865,8.6,330,303.0,1.0,12.2,26.0,26.0,100.0,1004.4,1004.0,1003.9,20000,9999,19590,20000,,M,M,,,5573,FEW021,SCT070,SCT080,,VCTS,26.0,100.0,,323,8.6,1865
2023-01-25 07:42:15,8.3,333,,6.6,1798,8.5,331,303.0,1.0,12.2,26.0,26.0,100.0,1004.4,1004.0,1004.0,20000,9999,19590,20000,,M,M,,,5737,FEW021,SCT070,BKN080,,VCTS,26.0,100.0,,333,8.3,1798
2023-01-25 07:43:15,8.1,340,,7.0,1743,8.3,332,303.0,1.0,10.8,26.0,26.0,100.0,1004.4,1004.0,1004.0,20000,9999,19590,20000,,M,M,,,5934,FEW018,SCT055,SCT068,BKN080,VCTS,26.0,100.0,,340,8.1,1743
2023-01-25 07:44:15,8.3,338,,7.0,1705,8.2,331,303.0,1.0,10.8,26.0,26.0,100.0,1004.4,1004.1,1004.0,19740,9999,19590,20000,,M,M,,,8130,FEW018,SCT060,SCT078,,VCTS,26.0,100.0,,338,8.3,1705
2023-01-25 07:45:15,9.5,333,,7.6,1679,8.4,330,303.0,354.0,11.6,26.0,26.0,100.0,1004.4,1004.1,1004.0,20000,9999,19590,20000,,M,M,,,8130,FEW018,SCT065,BKN080,,VCTS,26.0,100.0,,333,9.5,1679
2023-01-25 07:46:15,9.7,332,,7.6,1658,8.4,329,303.0,354.0,11.6,25.9,25.9,100.0,1004.4,1004.1,1004.0,20000,9999,19590,20000,,M,M,,,8196,FEW018,SCT070,BKN082,,VCTS,25.9,100.0,,332,9.7,1658
2023-01-25 07:47:15,8.5,329,,6.4,1642,8.4,329,303.0,354.0,11.6,25.9,25.9,100.0,1004.4,1004.1,1004.1,20000,9999,19590,20000,,M,M,,,8229,FEW018,SCT070,BKN082,,TS,25.9,100.0,,329,8.5,1642
2023-01-25 07:48:15,7.9,320,,5.1,1620,8.4,328,283.0,354.0,11.6,25.9,25.9,100.0,1004.4,1004.2,1004.1,20000,9999,19740,20000,,M,M,,,8245,FEW018,SCT070,BKN082,,TS,25.9,100.0,,320,7.9,1620
2023-01-25 07:49:15,7.8,312,,4.1,1586,8.5,328,283.0,354.0,11.6,25.9,25.9,100.0,1004.4,1004.2,1004.1,20000,9999,19740,20000,,M,M,,,8196,FEW060,BKN082,,,TS,25.9,100.0,,312,7.8,1586
2023-01-25 07:50:15,8.1,311,,4.2,1533,8.5,327,283.0,354.0,11.6,25.9,25.9,100.0,1004.4,1004.2,1004.1,20000,9999,19740,20000,,M,M,,,8163,FEW060,BKN082,,,TS,25.9,100.0,,311,8.1,1533
2023-01-25 07:51:15,7.9,309,,3.8,1510,8.4,325,283.0,354.0,11.6,26.0,26.0,100.0,1004.4,1004.2,1004.2,20000,9999,19740,20000,,M,M,,,8091,FEW060,BKN082,,,TS,26.0,100.0,,309,7.9,1510
2023-01-25 07:52:15,7.4,304,,3.0,1503,8.3,321,283.0,354.0,11.6,26.0,26.0,100.0,1004.4,1004.2,1004.2,20000,9999,19740,20000,,M,M,,,8114,FEW060,BKN081,,,TS,26.0,100.0,,304,7.4,1503
2023-01-25 07:53:15,6.6,310,,3.3,1503,8.1,319,283.0,345.0,11.6,26.1,26.1,100.0,1004.4,1004.2,1004.2,20000,9999,19740,20000,,M,M,,,8227,FEW060,BKN081,,,TS,26.1,100.0,,310,6.6,1503
2023-01-25 07:54:15,6.4,315,,3.7,1512,7.9,316,283.0,339.0,11.6,26.2,26.2,100.0,1004.7,1004.2,1004.2,20000,9999,20000,20000,,M,M,,,8376,FEW060,BKN082,,,TS,26.2,100.0,,315,6.4,1512
2023-01-25 07:55:15,6.1,316,,3.6,1515,7.4,315,283.0,339.0,11.0,26.2,26.2,100.0,1004.7,1004.2,1004.2,20000,9999,20000,20000,,M,M,,,8425,FEW060,BKN082,,,TS,26.2,100.0,,316,6.1,1515
2023-01-25 07:56:15,6.7,313,,3.6,1521,7.3,313,283.0,333.0,11.0,26.3,26.3,100.0,1004.7,1004.3,1004.2,20000,9999,20000,20000,,M,M,,,8441,FEW060,BKN082,,,TS,26.3,100.0,,313,6.7,1521
2023-01-25 07:57:15,8.3,307,,3.7,1531,7.3,311,283.0,329.0,11.6,26.3,26.3,100.0,1004.7,1004.3,1004.2,20000,9999,20000,20000,,M,M,,,8490,FEW060,BKN082,,,TS,26.3,100.0,,307,8.3,1531
2023-01-25 07:58:15,9.1,310,,4.5,1547,7.5,311,287.0,329.0,11.6,26.3,26.3,100.0,1004.7,1004.3,1004.2,19120,9999,19120,20000,,M,M,,,8409,FEW060,BKN083,,,TS,26.3,100.0,,310,9.1,1547
2023-01-25 07:59:15,9.3,310,,4.6,1580,7.6,310,287.0,329.0,11.6,26.3,26.3,100.0,1004.7,1004.3,1004.2,20000,9999,19120,20000,,M,M,,,8523,FEW060,BKN083,,,TS,26.3,100.0,,310,9.3,1580
2023-01-25 08:00:15,8.0,308,,3.8,1619,7.5,310,287.0,329.0,11.6,26.2,26.2,100.0,1004.7,1004.2,1004.2,20000,9999,19120,20000,,M,M,,,8622,FEW060,BKN084,,,TS,26.2,100.0,,308,8.0,1619
2023-01-25 08:01:15,7.0,307,,3.2,1661,7.4,310,287.0,329.0,11.6,26.2,26.2,100.0,1004.4,1004.2,1004.2,19380,9999,19120,20000,,M,M,,,8589,FEW060,BKN084,,,TS,26.2,100.0,,307,7.0,1661
2023-01-25 08:02:15,6.8,302,,2.5,1715,7.4,310,290.0,329.0,11.6,26.1,26.1,100.0,1004.4,1004.2,1004.2,17510,9999,17510,20000,,M,M,,,8589,FEW060,BKN084,,,VCTS,26.1,100.0,,302,6.8,1715
2023-01-25 08:03:15,7.0,302,,2.6,1777,7.5,309,290.0,329.0,11.6,26.1,26.1,100.0,1004.4,1004.2,1004.2,16520,9999,16520,20000,,M,M,,,9409,FEW060,BKN084,,,VCTS,26.1,100.0,,302,7.0,1777
2023-01-25 08:04:15,7.7,306,,3.4,1839,7.7,308,290.0,329.0,11.6,26.0,26.0,100.0,1004.4,1004.2,1004.1,17160,9999,16520,20000,,M,M,,,9146,FEW060,BKN085,,,VCTS,26.0,100.0,,306,7.7,1839
2023-01-25 08:05:15,7.9,305,,3.3,1892,7.9,306,290.0,321.0,11.6,26.0,26.0,100.0,1004.4,1004.2,1004.1,19610,9999,16520,20000,,M,M,,,9490,FEW060,BKN086,,,VCTS,26.0,100.0,,305,7.9,1892
2023-01-25 08:06:15,7.5,305,,3.2,1936,7.8,306,290.0,321.0,11.6,26.0,26.0,100.0,1004.4,1004.2,1004.1,17600,9999,16520,20000,,M,M,,,8671,FEW060,BKN086,,,VCTS,26.0,100.0,,305,7.5,1936
2023-01-25 08:07:15,7.3,304,,3.0,1972,7.7,306,290.0,321.0,11.6,26.1,26.1,100.0,1004.4,1004.2,1004.1,17210,9999,16520,20000,,M,M,,,8753,FEW060,OVC087,,,VCTS,26.1,100.0,,304,7.3,1972
2023-01-25 08:08:15,7.3,306,,3.2,1995,7.5,306,290.0,321.0,10.5,26.1,26.1,100.0,1004.4,1004.2,1004.1,17090,9999,16520,20000,,M,M,,,9212,FEW060,OVC087,,,VCTS,26.1,100.0,,306,7.3,1995
2023-01-25 08:09:15,6.3,306,,2.8,2009,7.1,305,290.0,321.0,10.5,26.1,26.1,100.0,1004.4,1004.2,1004.2,16770,9999,16520,20000,,M,M,,,9441,FEW060,OVC087,,,VCTS,26.1,100.0,,306,6.3,2009
2023-01-25 08:10:15,5.5,297,,1.6,2015,7.0,303,281.0,320.0,10.5,26.1,26.1,100.0,1004.7,1004.2,1004.2,15210,9999,15210,20000,,M,M,,,9261,FEW060,OVC088,,,VCTS,26.1,100.0,,297,5.5,2015
2023-01-25 08:11:15,5.5,296,,1.5,2012,6.8,303,279.0,326.0,10.5,26.1,26.1,100.0,1004.7,1004.3,1004.2,15630,9999,15210,19610,,M,M,,,0,FEW060,OVC088,,,VCTS,26.1,100.0,,296,5.5,2012
2023-01-25 08:12:15,4.9,305,,2.0,1989,6.6,304,279.0,326.0,10.5,26.2,26.2,100.0,1004.7,1004.3,1004.2,14960,9999,14960,19610,,M,M,,,0,BKN090,,,,VCTS,26.2,100.0,,305,4.9,1989
2023-01-25 08:13:15,5.8,309,,2.8,1954,6.6,304,279.0,326.0,10.5,26.2,26.2,100.0,1004.7,1004.3,1004.2,17730,9999,14960,19610,,M,M,,,0,BKN090,,,,VCTS,26.2,100.0,,309,5.8,1954
2023-01-25 08:14:15,6.7,315,,3.8,1925,6.4,305,279.0,327.0,9.3,26.2,26.2,100.0,1004.7,1004.3,1004.2,19930,9999,14960,19930,,M,M,,,0,BKN090,,,,VCTS,26.2,100.0,,315,6.7,1925
2023-01-25 08:15:15,6.1,309,,3.0,1908,6.2,305,279.0,327.0,9.3,26.3,26.3,100.0,1004.7,1004.3,1004.3,19790,9999,14960,19930,,M,M,,,0,FEW021,BKN090,,,VCTS,26.3,100.0,,309,6.1,1908
2023-01-25 08:16:15,5.9,306,,2.6,1882,6.0,306,279.0,327.0,9.3,26.3,26.3,100.0,1004.7,1004.4,1004.3,20000,9999,14960,20000,,M,M,,,1852,FEW021,BKN085,,,VCTS,26.3,100.0,,306,5.9,1882
2023-01-25 08:17:15,5.7,310,,2.8,1848,5.9,306,279.0,327.0,9.3,26.3,26.3,100.0,1004.7,1004.4,1004.3,20000,9999,14960,20000,,M,M,,,0,FEW021,BKN090,,,VCTS,26.3,100.0,,310,5.7,1848
2023-01-25 08:18:15,6.1,310,,3.0,1807,5.8,306,279.0,327.0,8.5,26.3,26.3,100.0,1004.7,1004.4,1004.4,20000,9999,14960,20000,,M,M,,,0,FEW021,BKN090,,,VCTS,26.3,100.0,,310,6.1,1807
2023-01-25 08:19:15,6.1,306,,2.7,1768,5.9,306,279.0,327.0,8.5,26.3,26.3,100.0,1004.7,1004.5,1004.4,19790,9999,14960,20000,,M,M,,,4114,FEW021,BKN090,,,VCTS,26.3,100.0,,306,6.1,1768
2023-01-25 08:20:15,5.8,299,,1.9,1737,5.8,307,279.0,327.0,8.5,26.3,26.3,100.0,1004.7,1004.5,1004.5,20000,9999,14960,20000,,M,M,,,4180,FEW021,BKN090,,,VCTS,26.3,100.0,,299,5.8,1737
2023-01-25 08:21:15,5.9,285,,0.5,1719,5.9,304,268.0,327.0,8.5,26.3,26.3,100.0,1004.7,1004.6,1004.5,16850,9999,14960,20000,,M,M,,,4032,FEW021,BKN090,,,VCTS,26.3,100.0,,285,5.9,1719
2023-01-25 08:22:15,6.8,278,,0.2,1723,6.2,302,268.0,327.0,8.5,26.2,26.2,100.0,1005.1,1004.6,1004.5,12600,9999,12600,20000,,M,M,,,3835,FEW021,SCT041,BKN090,,None,26.2,100.0,,278,6.8,1723
2023-01-25 08:23:15,6.8,283,,0.4,1782,6.1,299,268.0,327.0,8.5,26.2,26.2,100.0,1005.1,1004.6,1004.6,11900,9999,11900,20000,,M,M,,,3999,FEW021,SCT041,BKN090,,VCTS,26.2,100.0,,283,6.8,1782
2023-01-25 08:24:15,6.5,280,,0.1,1893,6.2,295,268.0,327.0,8.2,26.2,26.2,100.0,1005.1,1004.6,1004.6,10610,9999,10610,20000,,M,M,,,3786,FEW021,SCT041,BKN090,,VCTS,26.2,100.0,,280,6.5,1893
2023-01-25 08:25:15,7.2,270,,1.3,2041,6.4,291,261.0,327.0,8.9,26.2,26.2,100.0,1005.1,1004.7,1004.6,11340,9999,10610,20000,,M,M,,,3639,FEW021,SCT041,BKN090,,VCTS,26.2,100.0,,270,7.2,2041
2023-01-25 08:26:15,7.4,266,,1.8,2176,6.5,287,260.0,316.0,8.9,26.2,26.2,100.0,1005.1,1004.6,1004.6,13010,9999,10610,20000,,M,M,,,3655,FEW021,SCT041,BKN090,,VCTS,26.2,100.0,,266,7.4,2176
2023-01-25 08:27:15,7.4,265,,1.9,2271,6.7,282,260.0,314.0,9.3,26.1,26.1,100.0,1005.1,1004.6,1004.6,13420,9999,10610,20000,,M,M,,,3704,SCT039,BKN090,,,VCTS,26.1,100.0,,265,7.4,2271
2023-01-25 08:28:15,9.0,266,,2.2,2322,7.1,278,260.0,307.0,11.3,26.1,26.1,100.0,1005.1,1004.6,1004.6,14700,9999,10610,20000,,M,M,,,3868,BKN039,BKN090,,,VCTS,26.1,100.0,,266,9.0,2322
2023-01-25 08:29:15,10.0,268,,2.1,2345,7.5,275,260.0,302.0,11.8,26.0,26.0,100.0,1005.1,1004.6,1004.6,16480,9999,10610,20000,,M,M,,,4786,BKN039,BKN090,,,VCTS,26.0,100.0,,268,10.0,2345
2023-01-25 08:30:15,8.7,279,,0.2,2341,7.7,274,260.0,295.0,11.8,25.9,25.9,100.0,1005.1,1004.6,1004.6,18260,9999,10610,18260,,M,M,,,4245,BKN039,BKN090,,,VCTS,25.9,100.0,,279,8.7,2341
2023-01-25 08:31:15,8.7,286,,0.9,2302,8.0,275,260.0,295.0,11.8,25.9,25.9,100.0,1005.1,1004.6,1004.5,20000,9999,10610,20000,,M,M,,,5573,BKN039,BKN050,BKN090,,VCTS,25.9,100.0,,286,8.7,2302
2023-01-25 08:32:15,8.9,285,,0.8,2232,8.1,275,260.0,295.0,11.8,25.8,25.8,100.0,1005.1,1004.6,1004.6,20000,9999,10610,20000,,M,M,,,5392,BKN039,BKN050,BKN095,,VCTS,25.8,100.0,,285,8.9,2232
2023-01-25 08:33:15,8.4,282,,0.3,2141,8.4,274,260.0,294.0,11.8,25.8,25.8,100.0,1005.1,1004.7,1004.6,20000,9999,10610,20000,,M,M,,,3737,BKN039,BKN050,BKN090,,VCTS,25.8,100.0,,282,8.4,2141
2023-01-25 08:34:15,8.1,280,,0.1,2046,8.4,275,260.0,294.0,11.8,25.8,25.8,100.0,1005.1,1004.7,1004.6,20000,9999,11340,20000,,M,M,,,3802,BKN039,BKN050,BKN090,,VCTS,25.8,100.0,,280,8.1,2046
2023-01-25 08:35:15,7.3,284,,0.5,1949,8.3,277,260.0,298.0,11.8,25.8,25.8,100.0,1005.1,1004.7,1004.7,20000,9999,13010,20000,,M,M,,,3753,BKN039,BKN050,BKN090,,VCTS,25.8,100.0,,284,7.3,1949
2023-01-25 08:36:15,6.9,290,,1.2,1838,8.3,280,260.0,301.0,11.8,25.8,25.8,100.0,1005.1,1004.7,1004.7,20000,9999,13420,20000,,M,M,,,3721,BKN039,BKN050,BKN090,,VCTS,25.8,100.0,,290,6.9,1838
2023-01-25 08:37:15,6.7,286,,0.7,1711,8.2,281,261.0,301.0,11.8,25.8,25.8,100.0,1005.1,1004.8,1004.7,20000,9999,14700,20000,,M,M,,,3196,BKN039,BKN050,BKN095,,VCTS,25.8,100.0,,286,6.7,1711
2023-01-25 08:38:15,7.1,285,,0.6,1573,8.0,284,261.0,301.0,11.8,25.9,25.9,100.0,1005.1,1004.8,1004.7,20000,9999,16480,20000,,M,M,,,3196,FEW032,BKN039,BKN050,BKN095,None,25.9,100.0,,285,7.1,1573
2023-01-25 08:39:15,7.8,285,,0.7,1417,7.8,285,269.0,301.0,11.4,25.8,25.8,100.0,1005.1,1004.8,1004.7,20000,9999,18260,20000,,M,M,,,3196,FEW032,BKN039,BKN050,,None,25.8,100.0,,285,7.8,1417
2023-01-25 08:40:15,8.3,279,,0.1,1273,7.9,284,269.0,301.0,11.4,25.8,25.8,100.0,1005.1,1004.8,1004.8,20000,9999,20000,20000,,M,M,,,3212,FEW032,BKN039,BKN050,,None,25.8,100.0,,279,8.3,1273
2023-01-25 08:41:15,8.7,274,,0.9,1154,7.7,282,258.0,301.0,10.7,25.8,25.8,100.0,1005.1,1004.8,1004.8,20000,9999,20000,20000,,M,M,,,3278,SCT032,BKN039,BKN055,,None,25.8,100.0,,274,8.7,1154
2023-01-25 08:42:15,7.4,275,,0.8,1061,7.6,282,258.0,301.0,10.7,25.8,25.8,100.0,1005.1,1004.8,1004.8,20000,9999,20000,20000,,M,M,,,3409,BKN037,BKN055,,,None,25.8,100.0,,275,7.4,1061
2023-01-25 08:43:15,7.3,279,,0.1,1054,7.5,282,258.0,301.0,10.7,25.8,25.8,100.0,1005.1,1004.8,1004.8,20000,9999,20000,20000,,M,M,,,3311,BKN037,BKN050,,,None,25.8,100.0,,279,7.3,1054
2023-01-25 08:44:15,7.1,269,,1.4,1114,7.4,280,250.0,301.0,10.7,25.7,25.7,100.0,1005.1,1004.8,1004.7,20000,9999,20000,20000,,M,M,,,3622,BKN037,OVC050,,,None,25.7,100.0,,269,7.1,1114
2023-01-25 08:45:15,7.0,263,,2.0,1166,7.5,277,250.0,301.0,10.7,25.7,25.7,100.0,1005.1,1004.8,1004.8,20000,9999,20000,20000,,M,M,,,3639,BKN037,OVC050,,,None,25.7,100.0,,263,7.0,1166
2023-01-25 08:46:15,7.7,267,,1.7,1169,7.5,275,250.0,300.0,10.7,25.7,25.7,100.0,1005.1,1004.8,1004.8,20000,9999,20000,20000,,M,M,,,3442,BKN037,OVC050,,,None,25.7,100.0,,267,7.7,1169
2023-01-25 08:47:15,7.2,278,,0.3,1098,7.6,276,250.0,303.0,10.7,25.7,25.7,100.0,1005.1,1004.8,1004.8,20000,9999,20000,20000,,M,M,,,3604,OVC037,,,,None,25.7,100.0,,278,7.2,1098
2023-01-25 08:48:15,7.5,288,,1.0,993,7.6,276,250.0,305.0,10.7,25.7,25.7,100.0,1005.1,1004.8,1004.8,20000,9999,20000,20000,,M,M,,,3589,OVC037,,,,None,25.7,100.0,,288,7.5,993
2023-01-25 08:49:15,7.3,285,,0.6,901,7.5,276,250.0,305.0,10.7,25.7,25.7,100.0,1005.1,1004.8,1004.8,20000,9999,20000,20000,,M,M,,,3589,OVC037,,,,None,25.7,100.0,,285,7.3,901
2023-01-25 08:50:15,7.7,279,,0.1,821,7.5,276,250.0,305.0,10.9,25.7,25.7,100.0,1005.1,1004.8,1004.8,20000,9999,20000,20000,,M,M,,,4032,OVC037,,,,None,25.7,100.0,,279,7.7,821
2023-01-25 08:51:15,8.5,284,,0.6,744,7.5,278,250.0,305.0,10.9,25.8,25.8,100.0,1005.1,1004.8,1004.8,20000,9999,20000,20000,,M,M,,,3721,OVC037,,,,None,25.8,100.0,,284,8.5,744
2023-01-25 08:52:15,7.3,288,,1.0,656,7.5,278,250.0,305.0,10.9,25.8,25.8,100.0,1005.1,1004.8,1004.8,20000,9999,20000,20000,,M,M,,,3409,OVC037,,,,None,25.8,100.0,,288,7.3,656
2023-01-25 08:53:15,6.8,282,,0.2,571,7.4,278,250.0,305.0,10.9,25.8,25.8,100.0,1005.1,1004.9,1004.8,20000,9999,20000,20000,,M,M,,,3343,OVC037,,,,None,25.8,100.0,,282,6.8,571
2023-01-25 08:54:15,8.4,275,,0.7,496,7.7,280,255.0,305.0,11.6,25.8,25.8,100.0,1005.1,1004.9,1004.9,20000,9999,20000,20000,,M,M,,,2934,OVC037,,,,None,25.8,100.0,,275,8.4,496
2023-01-25 08:55:15,9.0,266,,2.2,436,7.8,279,253.0,305.0,11.6,25.8,25.8,100.0,1005.4,1005.0,1004.9,20000,9999,20000,20000,,M,M,,,3458,OVC037,,,,None,25.8,100.0,,266,9.0,436
2023-01-25 08:56:15,9.2,263,,2.7,398,8.0,279,253.0,305.0,11.6,25.8,25.8,100.0,1005.4,1005.0,1004.9,20000,9999,20000,20000,,M,M,,,3442,OVC037,,,,None,25.8,100.0,,263,9.2,398
2023-01-25 08:57:15,9.0,268,,1.9,372,8.1,277,253.0,305.0,11.6,25.8,25.8,100.0,1005.4,1005.0,1005.0,20000,9999,20000,20000,,M,M,,,3622,OVC037,,,,None,25.8,100.0,,268,9.0,372
2023-01-25 08:58:15,7.9,271,,1.2,354,8.1,275,253.0,301.0,11.6,25.8,25.8,100.0,1005.4,1005.0,1005.0,20000,9999,20000,20000,,M,M,,,4442,BKN037,OVC047,,,None,25.8,100.0,,271,7.9,354
2023-01-25 08:59:15,7.2,268,,1.5,331,8.1,274,253.0,301.0,11.6,25.7,25.7,100.0,1005.4,1005.0,1005.0,20000,9999,20000,20000,,M,M,,,4442,BKN037,OVC045,,,None,25.7,100.0,,268,7.2,331
2023-01-25 09:00:15,7.1,261,,2.3,313,8.0,272,253.0,301.0,11.6,25.7,25.7,100.0,1005.4,1005.1,1005.0,20000,9999,20000,20000,,M,M,,,4409,BKN037,OVC045,,,None,25.7,100.0,,261,7.1,313
2023-01-25 09:01:15,7.2,259,,2.6,311,7.9,269,249.0,294.0,11.6,25.7,25.7,100.0,1005.4,1005.1,1005.0,20000,9999,20000,20000,,M,M,,,4524,BKN037,OVC045,,,None,25.7,100.0,,259,7.2,311
2023-01-25 09:02:15,7.0,259,,2.5,314,7.9,266,249.0,294.0,11.6,25.6,25.6,100.0,1005.4,1005.1,1005.0,20000,9999,20000,20000,,M,M,,,4557,BKN035,OVC045,,,None,25.6,100.0,,259,7.0,314
2023-01-25 09:03:15,6.3,257,,2.5,313,7.7,263,243.0,288.0,11.6,25.6,25.6,100.0,1005.4,1005.1,1005.0,20000,9999,20000,20000,,M,M,,,5343,BKN035,OVC045,,,None,25.6,100.0,,257,6.3,313
2023-01-25 09:04:15,5.8,248,,3.1,311,7.4,261,231.0,288.0,10.9,25.5,25.5,100.0,1005.4,1005.1,1005.0,19420,9999,19420,20000,,M,M,,,4819,BKN035,OVC045,,,None,25.5,100.0,,248,5.8,311
2023-01-25 09:05:15,6.4,239,,4.2,312,7.3,258,228.0,288.0,10.9,25.5,25.5,100.0,1005.4,1005.1,1005.0,18620,9999,18620,20000,,M,M,,,3671,BKN035,OVC045,,,None,25.5,100.0,,239,6.4,312
2023-01-25 09:06:15,6.9,237,,4.7,316,6.9,255,228.0,288.0,10.4,25.5,25.5,100.0,1005.4,1005.1,1005.0,18900,9999,18620,20000,,M,M,,,4901,BKN035,OVC045,,,None,25.5,100.0,,237,6.9,316
2023-01-25 09:07:15,6.8,237,,4.6,323,6.8,252,226.0,288.0,8.8,25.5,25.5,100.0,1005.4,1005.1,1005.0,19810,9999,18620,20000,,M,M,,,3802,BKN035,OVC045,,,None,25.5,100.0,,237,6.8,323
2023-01-25 09:08:15,7.1,239,,4.7,329,6.8,249,226.0,273.0,8.6,25.5,25.5,100.0,1005.4,1005.1,1005.0,18660,9999,18620,20000,,M,M,,,4163,BKN035,OVC048,,,None,25.5,100.0,,239,7.1,329
2023-01-25 09:09:15,6.6,238,,4.4,342,6.7,246,226.0,271.0,8.6,25.6,25.6,100.0,1005.4,1005.1,1005.0,19400,9999,18620,20000,,M,M,,,4229,BKN037,BKN044,OVC050,,None,25.6,100.0,,238,6.6,342
2023-01-25 09:10:15,5.2,225,,4.3,363,6.4,242,190.0,271.0,8.6,25.6,25.6,100.0,1005.4,1005.1,1005.1,18880,9999,18620,20000,,M,M,,,4294,BKN037,BKN044,OVC050,,None,25.6,100.0,,225,5.2,363
2023-01-25 09:11:15,4.7,208,,4.5,389,6.2,236,190.0,269.0,8.6,25.6,25.6,100.0,1005.4,1005.1,1005.1,18370,9999,18370,20000,,M,M,,,4524,BKN037,BKN044,OVC050,,None,25.6,100.0,,208,4.7,389
2023-01-25 09:12:15,5.3,205,,5.1,417,6.1,231,189.0,268.0,8.6,25.6,25.6,100.0,1005.4,1005.1,1005.1,18760,9999,18370,20000,,M,M,,,4770,BKN037,OVC047,,,None,25.6,100.0,,205,5.3,417
2023-01-25 09:13:15,5.6,202,,5.5,449,6.0,225,186.0,250.0,8.6,25.6,25.6,100.0,1005.4,1005.1,1005.1,19270,9999,18370,19810,,M,M,,,3622,BKN037,OVC047,,,None,25.6,100.0,,202,5.6,449
2023-01-25 09:14:15,5.0,208,,4.8,479,5.9,223,186.0,246.0,8.6,25.6,25.6,100.0,1005.4,1005.1,1005.1,17980,9999,17980,19810,,M,M,,,4720,SCT037,OVC047,,,None,25.6,100.0,,208,5.0,479
2023-01-25 09:15:15,4.5,204,,4.4,512,5.6,218,184.0,246.0,8.6,25.6,25.6,100.0,1005.4,1005.2,1005.1,17620,9999,17620,19810,,M,M,,,4737,BKN037,OVC047,,,-RA,25.6,100.0,,204,4.5,512
2023-01-25 09:16:15,5.1,196,,5.1,551,5.5,214,184.0,246.0,8.6,25.6,25.6,100.0,1005.4,1005.2,1005.1,17230,9999,17230,19810,,M,M,,,4786,BKN037,OVC047,,,-RA,25.6,100.0,,196,5.1,551
2023-01-25 09:17:15,5.9,199,,5.8,602,5.5,210,184.0,246.0,8.6,25.6,25.6,100.0,1005.4,1005.2,1005.1,17500,9999,17230,19400,,M,M,,,4721,SCT037,OVC047,,,-RA,25.6,100.0,,199,5.9,602
2023-01-25 09:18:15,6.1,196,,6.1,667,5.3,206,184.0,243.0,7.3,25.5,25.5,100.0,1005.4,1005.2,1005.1,15170,9999,15170,19400,,M,M,,,4868,SCT037,OVC047,,,-RA,25.5,100.0,,196,6.1,667
2023-01-25 09:19:15,6.4,199,,6.3,724,5.4,202,184.0,236.0,7.7,25.5,25.5,100.0,1005.4,1005.2,1005.1,16040,9999,15170,19270,,M,M,,,4835,SCT037,OVC047,,,-RA,25.5,100.0,,199,6.4,724
2023-01-25 09:20:15,5.8,200,,5.7,773,5.5,201,184.0,236.0,7.7,25.4,25.4,100.0,1005.4,1005.2,1005.1,15890,9999,15170,19270,,M,M,,,4737,SCT037,OVC047,,,-RA,25.4,100.0,,200,5.8,773
2023-01-25 09:21:15,5.3,200,,5.2,816,5.5,201,184.0,236.0,7.7,25.4,25.4,100.0,1005.4,1005.2,1005.2,16130,9999,15170,19270,,M,M,,,4901,FEW037,OVC047,,,-RA,25.4,100.0,,200,5.3,816
2023-01-25 09:22:15,5.7,201,,5.6,851,5.6,200,184.0,236.0,7.7,25.4,25.4,100.0,1005.4,1005.2,1005.2,15030,9999,15030,19270,,M,M,,,5491,SCT037,OVC047,,,-RA,25.4,100.0,,201,5.7,851
2023-01-25 09:23:15,5.3,199,,5.2,875,5.5,200,184.0,236.0,7.7,25.4,25.4,100.0,1005.4,1005.2,1005.2,14380,9999,14380,17980,,M,M,,,5753,FEW037,BKN047,OVC055,,-RA,25.4,100.0,,199,5.3,875
2023-01-25 09:24:15,4.9,200,,4.8,892,5.5,199,184.0,209.0,7.7,25.5,25.5,100.0,1005.4,1005.2,1005.2,14760,9999,14380,17620,,M,M,,,5802,FEW037,BKN047,OVC055,,-RA,25.5,100.0,,200,4.9,892
2023-01-25 09:25:15,4.9,197,,4.9,906,5.6,199,182.0,209.0,7.7,25.5,25.5,100.0,1005.4,1005.2,1005.1,15040,9999,14380,17500,,M,M,,,5983,FEW037,BKN047,OVC060,,-RA,25.5,100.0,,197,4.9,906
2023-01-25 09:26:15,5.1,192,,5.1,920,5.5,198,182.0,209.0,7.7,25.5,25.5,100.0,1005.4,1005.2,1005.1,15490,9999,14380,17500,,M,M,,,6114,FEW037,BKN047,OVC060,,-RA,25.5,100.0,,192,5.1,920
2023-01-25 09:27:15,5.6,197,,5.6,935,5.5,198,182.0,209.0,7.7,25.5,25.5,100.0,1005.4,1005.2,1005.1,16710,9999,14380,16710,,M,M,,,6245,FEW037,BKN047,OVC060,,-RA,25.5,100.0,,197,5.6,935
2023-01-25 09:28:15,6.2,206,,6.0,950,5.5,200,182.0,216.0,7.7,25.5,25.5,100.0,1005.4,1005.2,1005.2,15160,9999,14380,16710,,M,M,,,6114,FEW037,BKN047,OVC060,,-DZ,25.5,100.0,,206,6.2,950
2023-01-25 09:29:15,6.2,210,,5.8,964,5.5,201,182.0,216.0,7.5,25.6,25.6,100.0,1005.4,1005.2,1005.2,15990,9999,14380,16710,,M,M,,,6097,FEW037,BKN047,OVC060,,-DZ,25.6,100.0,,210,6.2,964
2023-01-25 09:30:15,5.7,207,,5.5,974,5.5,201,182.0,218.0,7.5,25.6,25.6,100.0,1005.4,1005.2,1005.2,15160,9999,14380,16710,,M,M,,,10343,FEW037,BKN047,OVC060,,-DZ,25.6,100.0,,207,5.7,974
2023-01-25 09:31:15,5.5,209,,5.2,985,5.5,202,182.0,221.0,7.5,25.6,25.6,100.0,1005.4,1005.2,1005.1,15730,9999,14380,16710,,M,M,,,5589,FEW037,BKN047,OVC060,,-DZ,25.6,100.0,,209,5.5,985
2023-01-25 09:32:15,5.5,215,,5.0,1001,5.5,204,182.0,231.0,7.5,25.7,25.7,100.0,1005.4,1005.2,1005.1,16820,9999,14380,16820,,M,M,,,5720,FEW037,BKN047,OVC060,,-DZ,25.7,100.0,,215,5.5,1001
2023-01-25 09:33:15,5.8,219,,5.1,1022,5.6,206,182.0,232.0,7.5,25.7,25.7,100.0,1005.4,1005.2,1005.1,16800,9999,14760,16820,,M,M,,,6294,FEW037,BKN047,OVC060,,-DZ,25.7,100.0,,219,5.8,1022
2023-01-25 09:34:15,7.0,223,,5.9,1044,5.9,208,182.0,232.0,9.8,25.7,25.7,100.0,1005.4,1005.2,1005.1,17800,9999,15040,17800,,M,M,,,6392,FEW037,SCT047,OVC060,,-DZ,25.7,100.0,,223,7.0,1044
2023-01-25 09:35:15,7.0,223,,5.9,1070,6.0,212,186.0,232.0,9.8,25.7,25.7,100.0,1005.4,1005.1,1005.1,16560,9999,15160,17800,,M,M,,,0,FEW037,SCT047,OVC060,,-DZ,25.7,100.0,,223,7.0,1070
2023-01-25 09:36:15,5.9,224,,4.9,1095,6.0,215,189.0,232.0,9.8,25.8,25.8,100.0,1005.4,1005.1,1005.1,15630,9999,15160,17800,,M,M,,,0,FEW037,SCT047,BKN060,OVC100,-DZ,25.8,100.0,,224,5.9,1095
2023-01-25 09:37:15,6.3,222,,5.3,1116,6.2,216,195.0,232.0,9.8,25.8,25.8,100.0,1005.4,1005.1,1005.0,16840,9999,15160,17800,,M,M,,,0,SCT047,BKN060,BKN100,,-DZ,25.8,100.0,,222,6.3,1116
2023-01-25 09:38:15,7.2,218,,6.4,1125,6.2,217,195.0,232.0,9.8,25.8,25.8,100.0,1005.4,1005.0,1005.0,15960,9999,15160,17800,,M,M,,,0,SCT047,BKN060,BKN100,,-DZ,25.8,100.0,,218,7.2,1125
2023-01-25 09:39:15,7.2,216,,6.5,1130,6.4,218,195.0,232.0,9.8,25.8,25.8,100.0,1005.4,1005.0,1005.0,16690,9999,15160,17800,,M,M,,,6474,SCT047,BKN060,BKN100,,None,25.8,100.0,,216,7.2,1130
2023-01-25 09:40:15,7.3,215,,6.6,1135,6.6,219,202.0,232.0,9.8,25.8,25.8,100.0,1005.4,1005.0,1005.0,16900,9999,15630,17800,,M,M,,,0,FEW047,BKN060,BKN100,,None,25.8,100.0,,215,7.3,1135
2023-01-25 09:41:15,8.0,216,,7.2,1137,6.9,219,202.0,232.0,10.1,25.8,25.8,100.0,1005.4,1005.0,1004.9,16970,9999,15630,17800,,M,M,,,6704,FEW047,BKN060,BKN100,,None,25.8,100.0,,216,8.0,1137
2023-01-25 09:42:15,8.2,217,,7.3,1139,7.1,219,209.0,232.0,10.1,25.9,25.9,100.0,1005.4,1005.0,1005.0,16900,9999,15630,17800,,M,M,,,0,FEW047,BKN060,BKN100,,None,25.9,100.0,,217,8.2,1139
2023-01-25 09:43:15,7.4,219,,6.5,1138,7.2,219,209.0,232.0,10.1,25.9,25.9,100.0,1005.4,1005.0,1005.0,15970,9999,15630,17800,,M,M,,,0,FEW047,BKN060,BKN100,,None,25.9,100.0,,219,7.4,1138
2023-01-25 09:44:15,6.9,219,,6.0,1135,7.1,219,209.0,231.0,10.1,25.9,25.9,100.0,1005.4,1005.0,1005.0,15930,9999,15630,16970,,M,M,,,0,FEW047,BKN060,BKN100,,None,25.9,100.0,,219,6.9,1135
2023-01-25 09:45:15,7.0,220,,6.1,1132,7.2,219,209.0,230.0,10.1,26.0,26.0,100.0,1005.4,1005.1,1005.0,15500,9999,15500,16970,,M,M,,,0,FEW047,BKN060,BKN100,,None,26.0,100.0,,220,7.0,1132
2023-01-25 09:46:15,6.6,221,,5.7,1129,7.2,218,209.0,233.0,10.1,26.0,26.0,100.0,1005.4,1005.1,1005.0,14880,9999,14880,16970,,M,M,,,6835,FEW047,BKN065,BKN100,,None,26.0,100.0,,221,6.6,1129
2023-01-25 09:47:15,6.1,219,,5.3,1120,7.1,218,207.0,233.0,10.1,26.0,26.0,100.0,1005.4,1005.1,1005.0,14420,9999,14420,16970,,M,M,,,6606,FEW047,BKN065,BKN100,,None,26.0,100.0,,219,6.1,1120
2023-01-25 09:48:15,5.8,217,,5.2,1101,7.0,218,207.0,233.0,10.1,26.0,26.0,100.0,1005.4,1005.1,1005.1,13940,9999,13940,16970,,M,M,,,7146,FEW047,BKN065,BKN100,,None,26.0,100.0,,217,5.8,1101
2023-01-25 09:49:15,6.2,218,,5.5,1075,6.9,218,207.0,233.0,10.1,26.0,26.0,100.0,1005.4,1005.2,1005.1,14000,9999,13940,16970,,M,M,,,7573,FEW047,BKN065,BKN100,,None,26.0,100.0,,218,6.2,1075
2023-01-25 09:50:15,7.4,217,,6.6,1046,7.0,218,207.0,233.0,10.1,26.0,26.0,100.0,1005.4,1005.2,1005.1,15570,9999,13940,16970,,M,M,,,7638,BKN065,BKN100,,,None,26.0,100.0,,217,7.4,1046
2023-01-25 09:51:15,7.8,216,,7.0,1013,6.9,218,207.0,233.0,9.3,26.0,26.0,100.0,1005.4,1005.2,1005.2,15130,9999,13940,16900,,M,M,,,0,BKN065,BKN074,BKN100,,None,26.0,100.0,,216,7.8,1013
2023-01-25 09:52:15,7.8,221,,6.7,981,6.9,219,207.0,234.0,9.3,26.0,26.0,100.0,1005.4,1005.3,1005.2,14580,9999,13940,15970,,M,M,,,0,BKN065,BKN076,BKN100,,None,26.0,100.0,,221,7.8,981
2023-01-25 09:53:15,7.6,221,,6.5,951,6.9,219,207.0,234.0,9.3,26.1,26.1,100.0,1005.8,1005.3,1005.2,15700,9999,13940,15930,,M,M,,,0,BKN065,BKN076,BKN100,,None,26.1,100.0,,221,7.6,951
2023-01-25 09:54:15,7.3,219,,6.4,926,7.0,219,207.0,234.0,9.4,26.1,26.1,100.0,1005.8,1005.3,1005.3,14220,9999,13940,15700,,M,M,,,1475,SCT065,BKN074,BKN100,,None,26.1,100.0,,219,7.3,926
2023-01-25 09:55:15,6.9,222,,5.9,901,6.9,219,207.0,234.0,9.4,26.1,26.1,100.0,1005.8,1005.3,1005.3,14680,9999,13940,15700,,M,M,,,442,BKN070,BKN100,,,None,26.1,100.0,,222,6.9,901
2023-01-25 09:56:15,5.9,225,,4.8,876,6.8,220,207.0,234.0,9.4,26.1,26.1,100.0,1005.8,1005.4,1005.3,13470,9999,13470,15700,,M,M,,,1540,FEW013,BKN070,BKN100,,None,26.1,100.0,,225,5.9,876
2023-01-25 09:57:15,5.9,226,,4.8,846,6.9,221,207.0,234.0,9.4,26.1,26.1,100.0,1005.8,1005.4,1005.4,13590,9999,13470,15700,,M,M,,,934,FEW016,BKN070,BKN100,,None,26.1,100.0,,226,5.9,846
2023-01-25 09:58:15,6.1,222,,5.2,813,6.9,221,207.0,234.0,9.4,26.1,26.1,100.0,1005.8,1005.5,1005.4,13620,9999,13470,15700,,M,M,,,5802,FEW016,SCT060,BKN073,BKN100,None,26.1,100.0,,222,6.1,813
2023-01-25 09:59:15,6.4,220,,5.5,780,6.9,221,207.0,234.0,9.4,26.1,26.1,100.0,1005.8,1005.5,1005.4,12680,9999,12680,15700,,M,M,,,7605,FEW016,SCT060,BKN073,BKN100,None,26.1,100.0,,220,6.4,780
2023-01-25 10:00:15,6.5,222,,5.5,748,6.7,222,207.0,234.0,9.4,26.1,26.1,100.0,1005.8,1005.5,1005.5,12390,9999,12390,15700,,M,M,,,2540,FEW018,SCT060,BKN073,BKN100,None,26.1,100.0,,222,6.5,748
2023-01-25 10:01:15,5.7,220,,4.9,717,6.5,222,208.0,234.0,9.4,26.2,26.2,100.0,1005.8,1005.5,1005.5,11750,9999,11750,15700,,M,M,,,2327,FEW016,SCT060,BKN073,,None,26.2,100.0,,220,5.7,717
2023-01-25 10:02:15,5.8,212,,5.4,688,6.3,220,198.0,231.0,9.4,26.2,26.2,100.0,1005.8,1005.5,1005.5,11230,9999,11230,15700,,M,M,,,2311,FEW016,SCT025,BKN070,,None,26.2,100.0,,212,5.8,688
2023-01-25 10:03:15,5.9,207,,5.6,665,6.1,219,198.0,231.0,9.4,26.2,26.2,100.0,1005.8,1005.6,1005.5,10760,9999,10760,14680,,M,M,,,2426,FEW016,SCT025,BKN070,,None,26.2,100.0,,207,5.9,665
2023-01-25 10:04:15,6.2,206,,6.0,650,6.1,217,198.0,231.0,8.7,26.2,26.2,100.0,1005.8,1005.6,1005.5,11290,9999,10760,14680,,M,M,,,2327,FEW016,SCT025,BKN070,,None,26.2,100.0,,206,6.2,650
2023-01-25 10:05:15,6.4,205,,6.2,640,6.1,216,195.0,231.0,8.7,26.2,26.2,100.0,1005.8,1005.6,1005.5,11810,9999,10760,13620,,M,M,,,7671,FEW016,SCT025,BKN065,BKN075,None,26.2,100.0,,205,6.4,640
2023-01-25 10:06:15,6.3,211,,5.9,630,6.2,214,195.0,230.0,8.7,26.2,26.2,100.0,1005.8,1005.6,1005.5,12040,9999,10760,13620,,M,M,,,6556,FEW013,SCT025,BKN070,,None,26.2,100.0,,211,6.3,630
2023-01-25 10:07:15,6.0,212,,5.6,619,6.1,213,194.0,230.0,8.7,26.2,26.2,100.0,1005.8,1005.6,1005.5,11760,9999,10760,13620,,M,M,,,7786,FEW013,SCT025,BKN070,,None,26.2,100.0,,212,6.0,619
2023-01-25 10:08:15,5.4,209,,5.1,605,6.0,212,194.0,230.0,8.7,26.2,26.2,100.0,1006.1,1005.6,1005.5,11240,9999,10760,12680,,M,M,,,1639,FEW015,SCT025,BKN070,,None,26.2,100.0,,209,5.4,605
2023-01-25 10:09:15,5.3,213,,4.9,592,5.8,211,194.0,229.0,8.7,26.2,26.2,100.0,1006.1,1005.6,1005.5,11740,9999,10760,12390,,M,M,,,1688,FEW015,SCT025,BKN070,,None,26.2,100.0,,213,5.3,592
2023-01-25 10:10:15,4.7,217,,4.2,578,5.7,211,194.0,230.0,8.7,26.2,26.2,100.0,1006.1,1005.6,1005.6,11730,9999,10760,12040,,M,M,,,0,FEW015,SCT025,BKN070,,None,26.2,100.0,,217,4.7,578
2023-01-25 10:11:15,4.2,220,,3.6,560,5.5,212,194.0,230.0,8.7,26.2,26.2,100.0,1006.1,1005.6,1005.5,10670,9999,10670,12040,,M,M,,,1606,SCT015,SCT025,BKN075,,None,26.2,100.0,,220,4.2,560
2023-01-25 10:12:15,4.1,224,,3.4,540,5.3,214,194.0,232.0,8.7,26.2,26.2,100.0,1005.8,1005.6,1005.5,11180,9999,10670,12040,,M,M,,,1491,SCT015,SCT025,BKN075,,None,26.2,100.0,,224,4.1,540
2023-01-25 10:13:15,4.1,225,,3.4,514,5.2,215,194.0,232.0,8.7,26.2,26.2,100.0,1005.8,1005.6,1005.5,11350,9999,10670,12040,,M,M,,,7868,SCT015,SCT025,BKN070,BKN079,None,26.2,100.0,,225,4.1,514
2023-01-25 10:14:15,4.1,226,,3.3,490,4.9,217,194.0,232.0,7.8,26.2,26.2,100.0,1005.8,1005.6,1005.5,11050,9999,10670,12040,,M,M,,,7786,SCT015,SCT025,BKN070,BKN079,None,26.2,100.0,,226,4.1,490
2023-01-25 10:15:15,4.4,224,,3.6,462,4.8,219,194.0,235.0,7.8,26.2,26.2,100.0,1005.8,1005.6,1005.5,11460,9999,10670,12040,,M,M,,,7851,SCT015,SCT025,BKN075,,None,26.2,100.0,,224,4.4,462
2023-01-25 10:16:15,4.8,217,,4.3,436,4.6,219,194.0,235.0,7.0,26.2,26.2,100.0,1005.8,1005.6,1005.5,11680,9999,10670,11760,,M,M,,,7983,SCT015,SCT025,BKN065,BKN079,None,26.2,100.0,,217,4.8,436
2023-01-25 10:17:15,4.4,214,,4.0,409,4.4,219,198.0,235.0,6.9,26.2,26.2,100.0,1006.1,1005.6,1005.5,10700,9999,10670,11740,,M,M,,,7589,SCT015,SCT025,BKN075,,None,26.2,100.0,,214,4.4,409
2023-01-25 10:18:15,3.9,218,,3.4,385,4.3,220,199.0,235.0,6.6,26.2,26.2,100.0,1006.1,1005.6,1005.6,10630,9999,10630,11740,,M,M,,,7573,SCT015,SCT025,BKN080,,None,26.2,100.0,,218,3.9,385
2023-01-25 10:19:15,4.9,218,,4.3,360,4.4,220,199.0,235.0,6.5,26.3,26.3,100.0,1006.1,1005.6,1005.6,11180,9999,10630,11730,,M,M,,,7606,FEW015,SCT025,BKN080,,None,26.3,100.0,,218,4.9,360
2023-01-25 10:20:15,5.5,219,,4.8,335,4.5,221,199.0,235.0,6.5,26.3,26.3,100.0,1006.1,1005.7,1005.6,11840,9999,10630,11840,,M,M,,,7655,FEW015,SCT025,BKN080,,None,26.3,100.0,,219,5.5,335
2023-01-25 10:21:15,5.4,218,,4.8,310,4.6,220,199.0,235.0,6.7,26.3,26.3,100.0,1006.1,1005.7,1005.6,12310,9999,10630,12310,,M,M,,,2442,FEW015,SCT025,BKN080,,None,26.3,100.0,,218,5.4,310
2023-01-25 10:22:15,5.0,214,,4.6,286,4.7,219,199.0,235.0,6.7,26.3,26.3,100.0,1006.1,1005.7,1005.6,12770,9999,10630,12770,,M,M,,,2458,FEW015,SCT025,BKN080,,None,26.3,100.0,,214,5.0,286
2023-01-25 10:23:15,4.0,202,,3.9,262,4.6,215,181.0,235.0,6.7,26.3,26.3,100.0,1006.1,1005.7,1005.6,11380,9999,10630,12770,,M,M,,,1770,FEW015,SCT025,BKN075,,None,26.3,100.0,,202,4.0,262
2023-01-25 10:24:15,3.7,197,,3.7,238,4.6,213,181.0,235.0,6.7,26.3,26.3,100.0,1006.1,1005.7,1005.7,11100,9999,10630,12770,,M,M,,,2458,FEW017,SCT025,OVC080,,None,26.3,100.0,,197,3.7,238
2023-01-25 10:25:15,3.6,194,,3.6,215,4.5,209,162.0,233.0,6.7,26.3,26.3,100.0,1006.1,1005.7,1005.7,11060,9999,10630,12770,,M,M,,,7753,FEW017,SCT025,OVC080,,None,26.3,100.0,,194,3.6,215
2023-01-25 10:26:15,4.9,190,,4.9,197,4.6,207,162.0,233.0,7.5,26.3,26.3,100.0,1006.1,1005.8,1005.7,12170,9999,10630,12770,,M,M,,,5229,FEW017,SCT025,BKN080,,None,26.3,100.0,,190,4.9,197
2023-01-25 10:27:15,6.1,192,,6.1,179,4.8,205,162.0,233.0,8.0,26.3,26.3,100.0,1006.1,1005.8,1005.7,14200,9999,10630,14200,,M,M,,,5147,FEW017,SCT025,BKN050,OVC075,None,26.3,100.0,,192,6.1,179
2023-01-25 10:28:15,6.2,190,,6.2,164,5.0,202,162.0,228.0,8.0,26.3,26.3,100.0,1006.1,1005.8,1005.8,13220,9999,11060,14200,,M,M,,,5228,FEW017,SCT025,BKN050,OVC080,None,26.3,100.0,,190,6.2,164
2023-01-25 10:29:15,5.9,188,,5.9,151,5.0,199,162.0,228.0,8.0,26.3,26.3,100.0,1006.1,1005.9,1005.8,13150,9999,11060,14200,,M,M,,,3130,FEW017,SCT025,BKN050,OVC080,None,26.3,100.0,,188,5.9,151
2023-01-25 10:30:15,5.5,186,,5.5,141,5.0,195,162.0,222.0,8.0,26.3,26.3,100.0,1006.1,1005.9,1005.8,11730,9999,11060,14200,,M,M,,,5343,FEW017,SCT025,BKN050,OVC080,None,26.3,100.0,,186,5.5,141
2023-01-25 10:31:15,5.6,192,,5.6,130,5.0,194,162.0,220.0,8.0,26.3,26.3,100.0,1006.1,1005.9,1005.9,12590,9999,11060,14200,,M,M,,,5261,FEW017,SCT025,BKN050,OVC080,None,26.3,100.0,,192,5.6,130
2023-01-25 10:32:15,6.6,197,,6.6,128,5.3,192,162.0,216.0,8.6,26.3,26.3,100.0,1006.1,1005.9,1005.9,14680,9999,11060,14680,,M,M,,,2147,FEW017,SCT025,BKN050,OVC080,None,26.3,100.0,,197,6.6,128
2023-01-25 10:33:15,7.5,197,,7.4,121,5.7,193,162.0,216.0,9.5,26.3,26.3,100.0,1006.1,1005.9,1005.9,14800,9999,11060,14800,,M,M,,,5278,FEW017,SCT025,BKN050,OVC075,None,26.3,100.0,,197,7.5,121
2023-01-25 10:34:15,7.0,195,,7.0,117,6.0,192,162.0,209.0,9.5,26.3,26.3,100.0,1006.1,1005.9,1005.9,15330,9999,11060,15330,,M,M,,,5310,FEW017,SCT025,BKN055,OVC077,None,26.3,100.0,,195,7.0,117
2023-01-25 10:35:15,6.2,195,,6.2,111,6.3,193,176.0,209.0,9.5,26.3,26.3,100.0,1006.1,1005.9,1005.9,15830,9999,11730,15830,,M,M,,,5311,SCT021,BKN055,BKN066,OVC078,None,26.3,100.0,,195,6.2,111
2023-01-25 10:36:15,5.6,203,,5.5,104,6.2,194,176.0,222.0,9.5,26.2,26.2,100.0,1006.1,1005.9,1005.9,15150,9999,11730,15830,,M,M,,,2245,FEW018,SCT024,BKN055,OVC078,None,26.2,100.0,,203,5.6,104
2023-01-25 10:37:15,5.1,208,,4.9,101,6.1,196,176.0,222.0,9.5,26.2,26.2,100.0,1006.4,1005.9,1005.9,13800,9999,11730,15830,,M,M,,,2458,FEW018,SCT024,BKN055,OVC078,None,26.2,100.0,,208,5.1,101
2023-01-25 10:38:15,5.0,207,,4.8,93,6.0,198,176.0,222.0,9.5,26.1,26.1,100.0,1006.4,1006.0,1005.9,14870,9999,11730,15830,,M,M,,,2245,FEW018,SCT024,BKN055,OVC078,None,26.1,100.0,,207,5.0,93
2023-01-25 10:39:15,5.4,205,,5.2,91,6.0,199,179.0,222.0,9.5,26.1,26.1,100.0,1006.4,1006.0,1005.9,14950,9999,11730,15830,,M,M,,,2540,FEW018,SCT024,BKN055,OVC078,None,26.1,100.0,,205,5.4,91
2023-01-25 10:40:15,5.3,205,,5.1,87,5.9,201,185.0,222.0,9.5,26.1,26.1,100.0,1006.4,1006.0,1005.9,15510,9999,12590,15830,,M,M,,,3458,FEW018,SCT024,BKN055,OVC078,None,26.1,100.0,,205,5.3,87
2023-01-25 10:41:15,4.6,202,,4.5,81,5.8,202,185.0,222.0,9.5,26.0,26.0,100.0,1006.4,1006.0,1006.0,15430,9999,13800,15830,,M,M,,,5737,SCT024,BKN055,OVC077,,None,26.0,100.0,,202,4.6,81
2023-01-25 10:42:15,4.5,197,,4.5,79,5.5,201,185.0,222.0,9.5,26.0,26.0,100.0,1006.4,1006.0,1006.0,16100,9999,13800,16100,,M,M,,,5786,SCT024,BKN055,OVC077,,None,26.0,100.0,,197,4.5,79
2023-01-25 10:43:15,4.4,197,,4.4,72,5.2,202,185.0,222.0,7.8,26.0,26.0,100.0,1006.4,1006.0,1006.0,16220,9999,13800,16220,,M,M,,,5769,SCT024,BKN055,OVC078,,None,26.0,100.0,,197,4.4,72
2023-01-25 10:44:15,4.2,200,,4.1,68,4.9,202,185.0,222.0,7.2,26.1,26.1,100.0,1006.4,1006.1,1006.0,15380,9999,13800,16220,,M,M,,,5753,SCT024,BKN055,OVC078,,None,26.1,100.0,,200,4.2,68
2023-01-25 10:45:15,4.2,200,,4.1,59,4.8,203,185.0,222.0,7.2,26.1,26.1,100.0,1006.4,1006.1,1006.0,16220,9999,13800,16220,,M,M,,,5835,SCT024,BKN055,OVC077,,None,26.1,100.0,,200,4.2,59
2023-01-25 10:46:15,4.1,200,,4.0,55,4.6,202,185.0,219.0,7.2,26.0,26.0,100.0,1006.4,1006.1,1006.0,16590,9999,13800,16590,,M,M,,,5819,SCT024,BKN055,OVC077,,None,26.0,100.0,,200,4.1,55
2023-01-25 10:47:15,4.3,197,,4.3,45,4.6,200,185.0,218.0,7.2,26.0,26.0,100.0,1006.4,1006.1,1006.0,16530,9999,14870,16590,,M,M,,,5770,SCT024,BKN055,OVC077,,None,26.0,100.0,,197,4.3,45
2023-01-25 10:48:15,4.6,197,,4.6,42,4.5,200,185.0,218.0,7.0,26.0,26.0,100.0,1006.4,1006.1,1006.0,16770,9999,14950,16770,,M,M,,,5802,SCT024,BKN055,OVC078,,None,26.0,100.0,,197,4.6,42
2023-01-25 10:49:15,4.5,202,,4.4,33,4.4,200,185.0,219.0,6.1,26.0,26.0,100.0,1006.4,1006.1,1006.0,16340,9999,15380,16770,,M,M,,,5360,FEW024,BKN055,OVC078,,None,26.0,100.0,,202,4.5,33
2023-01-25 10:50:15,5.4,204,,5.2,31,4.6,200,185.0,219.0,9.4,26.0,26.0,100.0,1006.4,1006.1,1006.0,15940,9999,15380,16770,,M,M,,,5852,FEW024,OVC055,,,None,26.0,100.0,,204,5.4,31
2023-01-25 10:51:15,7.2,200,,7.1,26,4.9,199,185.0,219.0,10.1,26.0,26.0,100.0,1006.4,1006.1,1006.0,20000,9999,15380,20000,,M,M,,,5999,FEW024,OVC055,,,None,26.0,100.0,,200,7.2,26
2023-01-25 10:52:15,7.6,200,,7.5,21,5.2,200,185.0,219.0,10.1,26.0,26.0,100.0,1006.4,1006.1,1006.0,20000,9999,15380,20000,,M,M,,,5983,FEW024,OVC055,,,None,26.0,100.0,,200,7.6,21
2023-01-25 10:53:15,6.2,207,,6.2,19,5.3,201,185.0,223.0,10.1,26.0,26.0,100.0,1006.4,1006.1,1006.0,19360,9999,15380,20000,,M,M,,,5999,FEW024,OVC055,,,None,26.0,100.0,,207,6.2,19
2023-01-25 10:54:15,5.6,213,,5.2,18,5.5,203,185.0,223.0,10.1,25.9,25.9,100.0,1006.4,1006.1,1006.1,18280,9999,15940,20000,,M,M,,,1606,FEW024,OVC055,,,None,25.9,100.0,,213,5.6,18
2023-01-25 10:55:15,6.7,215,,6.1,18,5.8,204,185.0,232.0,10.1,25.9,25.9,100.0,1006.4,1006.1,1006.0,19630,9999,15940,20000,,M,M,,,1557,FEW017,OVC055,,,None,25.9,100.0,,215,6.7,18
2023-01-25 10:56:15,6.7,215,,6.1,14,6.0,206,185.0,232.0,10.1,26.0,26.0,100.0,1006.4,1006.1,1006.1,20000,9999,15940,20000,,M,M,,,26539,FEW017,OVC055,,,None,26.0,100.0,,215,6.7,14
2023-01-25 10:57:15,5.5,218,,4.9,10,6.0,208,185.0,232.0,10.1,26.0,26.0,100.0,1006.4,1006.1,1006.1,20000,9999,15940,20000,,M,M,,,0,FEW017,BKN055,,,None,26.0,100.0,,218,5.5,10
2023-01-25 10:58:15,5.0,219,,4.4,8,6.1,210,185.0,232.0,10.1,25.9,25.9,100.0,1006.4,1006.1,1006.1,20000,9999,15940,20000,,M,M,,,0,FEW017,BKN055,,,None,25.9,100.0,,219,5.0,8
2023-01-25 10:59:15,5.4,217,,4.8,8,6.2,211,185.0,232.0,10.1,25.9,25.9,100.0,1006.4,1006.2,1006.1,19610,9999,15940,20000,,M,M,,,1508,FEW017,SCT024,BKN060,,None,25.9,100.0,,217,5.4,8
2023-01-25 11:00:15,6.0,218,,5.3,7,6.2,213,185.0,232.0,10.1,25.9,25.9,100.0,1006.4,1006.2,1006.1,20000,9999,18280,20000,,M,M,,,1524,FEW017,SCT024,BKN060,,None,25.9,100.0,,218,6.0,7
2023-01-25 11:01:15,5.1,219,,4.5,6,5.8,215,192.0,232.0,9.1,25.9,25.9,100.0,1006.4,1006.2,1006.1,20000,9999,18280,20000,,M,M,,,5933,FEW017,SCT024,BKN060,,None,25.9,100.0,,219,5.1,6
2023-01-25 11:02:15,4.3,219,,3.8,6,5.5,217,199.0,232.0,9.1,25.8,25.8,100.0,1006.4,1006.2,1006.1,20000,9999,18280,20000,,M,M,,,15851,FEW017,SCT028,BKN060,BKN160,None,25.8,100.0,,219,4.3,6
2023-01-25 11:03:15,4.8,221,,4.1,5,5.5,218,200.0,232.0,9.1,25.8,25.8,100.0,1006.4,1006.2,1006.2,20000,9999,18280,20000,,M,M,,,15654,FEW017,SCT026,BKN060,BKN160,None,25.8,100.0,,221,4.8,5
2023-01-25 11:04:15,5.3,224,,4.4,3,5.5,219,200.0,235.0,9.1,25.8,25.8,100.0,1006.4,1006.2,1006.2,20000,9999,19610,20000,,M,M,,,23194,FEW017,SCT026,BKN060,BKN160,None,25.8,100.0,,224,5.3,3
2023-01-25 11:05:15,5.1,229,,4.0,1,5.2,221,200.0,241.0,7.3,25.8,25.8,100.0,1006.4,1006.2,1006.2,20000,9999,19610,20000,,M,M,,,1835,FEW017,SCT026,BKN060,BKN160,None,25.8,100.0,,229,5.1,1
2023-01-25 11:06:15,4.7,232,,3.5,0,5.1,223,200.0,245.0,7.3,25.8,25.8,100.0,1006.4,1006.2,1006.2,20000,9999,19610,20000,,M,M,,,1852,SCT017,SCT026,BKN060,BKN160,None,25.8,100.0,,232,4.7,0
2023-01-25 11:07:15,4.5,233,,3.3,0,5.0,224,200.0,246.0,7.3,25.8,25.8,100.0,1006.4,1006.2,1006.2,20000,9999,19610,20000,,M,M,,,6196,SCT017,SCT026,BKN060,BKN160,None,25.8,100.0,,233,4.5,0
2023-01-25 11:08:15,4.4,235,,3.1,0,4.9,226,200.0,249.0,7.3,25.8,25.8,100.0,1006.4,1006.2,1006.2,20000,9999,19610,20000,,M,M,,,6212,SCT017,BKN060,BKN160,BKN230,None,25.8,100.0,,235,4.4,0
2023-01-25 11:09:15,4.2,239,,2.8,-1,4.7,228,200.0,249.0,7.1,25.8,25.8,100.0,1006.4,1006.2,1006.2,20000,9999,20000,20000,,M,M,,,6196,FEW017,BKN060,BKN160,OVC230,None,25.8,100.0,,239,4.2,-1
2023-01-25 11:10:15,3.8,242,,2.3,-1,4.5,230,200.0,249.0,7.1,25.8,25.8,100.0,1006.4,1006.2,1006.2,20000,9999,20000,20000,,M,M,,,6376,FEW017,BKN060,BKN160,OVC230,None,25.8,100.0,,242,3.8,-1
2023-01-25 11:11:15,3.6,246,,2.0,-1,4.4,234,209.0,255.0,7.1,25.7,25.7,100.0,1006.4,1006.2,1006.2,20000,9999,20000,20000,,M,M,,,6196,FEW017,BKN060,BKN160,OVC230,None,25.7,100.0,,246,3.6,-1
2023-01-25 11:12:15,3.7,250,,1.8,-1,4.4,236,215.0,255.0,7.1,25.7,25.7,100.0,1006.4,1006.2,1006.2,20000,9999,20000,20000,,M,M,,,5770,FEW017,BKN060,BKN160,OVC230,None,25.7,100.0,,250,3.7,-1
2023-01-25 11:13:15,3.7,249,,1.9,-1,4.2,239,220.0,255.0,7.1,25.6,25.6,100.0,1006.4,1006.2,1006.2,20000,9999,20000,20000,,M,M,,,24276,FEW017,BKN060,BKN160,OVC230,None,25.6,100.0,,249,3.7,-1
2023-01-25 11:14:15,3.7,249,,1.9,-1,4.1,241,220.0,257.0,6.3,25.5,25.5,100.0,1006.4,1006.2,1006.2,20000,9999,20000,20000,,M,M,,,24834,FEW017,BKN060,BKN160,OVC250,None,25.5,100.0,,249,3.7,-1
2023-01-25 11:15:15,3.8,249,,2.0,-1,3.9,243,225.0,257.0,5.6,25.5,25.5,100.0,1006.4,1006.2,1006.2,20000,9999,20000,20000,,M,M,,,24456,FEW017,BKN060,BKN160,OVC240,None,25.5,100.0,,249,3.8,-1
2023-01-25 11:16:15,3.8,248,,2.0,-1,3.9,245,225.0,257.0,5.2,25.4,25.4,100.0,1006.4,1006.3,1006.2,20000,9999,20000,20000,,M,M,,,24391,FEW017,BKN060,BKN160,OVC240,None,25.4,100.0,,248,3.8,-1
2023-01-25 11:17:15,3.9,245,,2.2,-2,3.8,246,230.0,257.0,5.2,25.4,25.4,100.0,1006.4,1006.3,1006.2,20000,9999,20000,20000,,M,M,,,24834,FEW017,BKN060,BKN160,OVC250,None,25.4,100.0,,245,3.9,-2
2023-01-25 11:18:15,4.1,243,,2.5,-2,3.8,246,235.0,257.0,4.7,25.4,25.4,100.0,1006.8,1006.3,1006.2,18030,9999,18030,20000,,M,M,,,25080,FEW017,BKN060,BKN160,OVC250,None,25.4,100.0,,243,4.1,-2
2023-01-25 11:19:15,4.2,241,,2.6,-2,3.8,246,235.0,257.0,4.7,25.4,25.4,100.0,1006.8,1006.3,1006.2,19420,9999,18030,20000,,M,M,,,25390,FEW017,BKN060,BKN160,BKN250,None,25.4,100.0,,241,4.2,-2
2023-01-25 11:20:15,3.9,237,,2.7,-2,3.9,245,234.0,257.0,4.7,25.4,25.4,100.0,1006.8,1006.3,1006.3,18960,9999,18030,20000,,M,M,,,24949,FEW017,BKN060,BKN160,BKN250,None,25.4,100.0,,237,3.9,-2
2023-01-25 11:21:15,3.8,236,,2.6,-2,3.9,244,232.0,257.0,4.7,25.4,25.4,100.0,1006.8,1006.3,1006.3,18540,9999,18030,20000,,M,M,,,2032,FEW017,BKN060,BKN160,BKN250,None,25.4,100.0,,236,3.8,-2
2023-01-25 11:22:15,3.8,234,,2.7,-2,3.9,242,224.0,257.0,4.7,25.4,25.4,100.0,1006.8,1006.3,1006.3,17380,9999,17380,20000,,M,M,,,6310,FEW019,BKN060,BKN160,BKN250,None,25.4,100.0,,234,3.8,-2
2023-01-25 11:23:15,3.7,233,,2.7,-2,3.9,241,224.0,257.0,4.7,25.4,25.4,100.0,1006.8,1006.3,1006.3,17890,9999,17380,20000,,M,M,,,6278,FEW019,BKN060,BKN160,BKN250,None,25.4,100.0,,233,3.7,-2
2023-01-25 11:24:15,3.3,233,,2.4,-2,3.8,239,224.0,254.0,4.7,25.4,25.4,100.0,1006.8,1006.4,1006.3,17600,9999,17380,20000,,M,M,,,24670,FEW019,BKN060,BKN160,BKN250,None,25.4,100.0,,233,3.3,-2
2023-01-25 11:25:15,3.1,234,,2.2,-2,3.7,238,224.0,251.0,4.7,25.4,25.4,100.0,1006.8,1006.4,1006.3,17600,9999,17380,20000,,M,M,,,24489,FEW019,SCT060,SCT160,BKN250,None,25.4,100.0,,234,3.1,-2
2023-01-25 11:26:15,3.2,233,,2.3,-2,3.7,236,224.0,248.0,4.7,25.3,25.3,100.0,1006.8,1006.4,1006.3,17820,9999,17380,20000,,M,M,,,24063,FEW019,SCT060,SCT160,BKN250,None,25.3,100.0,,233,3.2,-2
2023-01-25 11:27:15,3.1,234,,2.2,-2,3.6,235,224.0,245.0,4.4,25.3,25.3,100.0,1006.8,1006.4,1006.4,17750,9999,17380,19420,,M,M,,,23505,FEW019,SCT060,SCT160,BKN250,None,25.3,100.0,,234,3.1,-2
2023-01-25 11:28:15,2.7,235,,1.9,-2,3.4,234,224.0,243.0,4.4,25.3,25.3,100.0,1006.8,1006.4,1006.4,18180,9999,17380,19420,,M,M,,,23473,FEW019,SCT060,SCT160,OVC250,None,25.3,100.0,,235,2.7,-2
2023-01-25 11:29:15,2.7,234,,1.9,-2,3.3,234,224.0,243.0,4.3,25.3,25.3,100.0,1006.8,1006.5,1006.4,18600,9999,17380,18960,,M,M,,,23654,FEW019,SCT060,SCT160,OVC250,None,25.3,100.0,,234,2.7,-2
2023-01-25 11:30:15,2.8,236,,1.9,-2,3.2,234,224.0,243.0,4.3,25.3,25.3,100.0,1006.8,1006.5,1006.4,19360,9999,17380,19360,,M,M,,,23572,FEW019,SCT060,SCT160,OVC240,None,25.3,100.0,,236,2.8,-2
2023-01-25 11:31:15,2.9,236,,2.0,-2,3.1,234,224.0,243.0,4.3,25.4,25.4,100.0,1006.8,1006.5,1006.5,19380,9999,17380,19380,,M,M,,,5409,FEW019,SCT060,SCT160,OVC240,None,25.4,100.0,,236,2.9,-2
2023-01-25 11:32:15,2.8,232,,2.1,-2,3.0,234,222.0,243.0,3.9,25.4,25.4,100.0,1006.8,1006.5,1006.5,19540,9999,17600,19540,,M,M,,,5425,FEW019,SCT060,SCT160,OVC240,None,25.4,100.0,,232,2.8,-2
2023-01-25 11:33:15,2.8,231,,2.1,-2,2.9,234,222.0,243.0,3.7,25.5,25.5,100.0,1006.8,1006.6,1006.5,19290,9999,17600,19540,,M,M,,,6179,FEW019,SCT060,SCT160,OVC240,None,25.5,100.0,,231,2.8,-2
2023-01-25 11:34:15,2.7,234,,1.9,-2,2.9,234,222.0,243.0,3.7,25.5,25.5,100.0,1006.8,1006.6,1006.5,19740,9999,17600,19740,,M,M,,,6196,FEW019,SCT060,OVC240,,None,25.5,100.0,,234,2.7,-2
2023-01-25 11:35:15,2.6,238,,1.7,-2,2.8,235,222.0,250.0,3.7,25.5,25.5,100.0,1006.8,1006.6,1006.5,19790,9999,17750,19790,,M,M,,,4966,FEW019,BKN060,OVC240,,None,25.5,100.0,,238,2.6,-2
2023-01-25 11:36:15,2.6,242,,1.6,-2,2.7,236,222.0,251.0,3.7,25.6,25.6,100.0,1006.8,1006.6,1006.5,20000,9999,17750,20000,,M,M,,,5458,BKN060,OVC240,,,None,25.6,100.0,,242,2.6,-2
2023-01-25 11:37:15,2.5,246,,1.4,-2,2.7,237,222.0,255.0,3.7,25.6,25.6,100.0,1007.1,1006.6,1006.6,20000,9999,18180,20000,,M,M,,,5474,BKN060,OVC240,,,None,25.6,100.0,,246,2.5,-2
2023-01-25 11:38:15,2.3,250,,1.1,-2,2.6,239,222.0,257.0,3.7,25.6,25.6,100.0,1007.1,1006.6,1006.6,18860,9999,18600,20000,,M,M,,,6786,BKN060,OVC240,,,None,25.6,100.0,,250,2.3,-2
2023-01-25 11:39:15,2.2,253,,1.0,-2,2.6,241,222.0,258.0,3.7,25.6,25.6,100.0,1007.1,1006.6,1006.6,19790,9999,18860,20000,,M,M,,,6294,BKN060,OVC240,,,None,25.6,100.0,,253,2.2,-2
2023-01-25 11:40:15,2.3,256,,0.9,-2,2.5,243,222.0,265.0,3.7,25.6,25.6,100.0,1007.1,1006.6,1006.6,19610,9999,18860,20000,,M,M,,,6622,BKN060,OVC240,,,None,25.6,100.0,,256,2.3,-2
2023-01-25 11:41:15,2.2,259,,0.8,-2,2.5,245,222.0,266.0,3.7,25.6,25.6,100.0,1007.1,1006.6,1006.6,19460,9999,18860,20000,,M,M,,,6589,BKN060,OVC240,,,None,25.6,100.0,,259,2.2,-2
2023-01-25 11:42:15,2.3,261,,0.7,-2,2.4,249,226.0,269.0,3.7,25.6,25.6,100.0,1007.1,1006.6,1006.6,19900,9999,18860,20000,,M,M,,,6638,FEW055,BKN065,OVC240,,None,25.6,100.0,,261,2.3,-2
2023-01-25 11:43:15,2.4,260,,0.8,-2,2.4,251,226.0,269.0,3.1,25.6,25.6,100.0,1007.1,1006.7,1006.6,19740,9999,18860,20000,,M,M,,,6523,FEW055,BKN065,OVC240,,None,25.6,100.0,,260,2.4,-2
2023-01-25 11:44:15,2.4,257,,0.9,-2,2.4,253,237.0,269.0,3.1,25.6,25.6,100.0,1007.1,1006.7,1006.6,19100,9999,18860,20000,,M,M,,,6409,BKN060,OVC240,,,None,25.6,100.0,,257,2.4,-2
2023-01-25 11:45:15,2.4,253,,1.1,-2,2.4,254,237.0,269.0,2.9,25.6,25.6,100.0,1007.1,1006.7,1006.6,19270,9999,18860,20000,,M,M,,,6409,FEW055,BKN066,OVC240,,None,25.6,100.0,,253,2.4,-2
2023-01-25 11:46:15,2.5,252,,1.2,-2,2.3,255,242.0,269.0,2.9,25.6,25.6,100.0,1007.1,1006.7,1006.6,19950,9999,18860,20000,,M,M,,,6327,BKN065,OVC240,,,None,25.6,100.0,,252,2.5,-2
2023-01-25 11:47:15,2.4,250,,1.2,-2,2.3,255,235.0,269.0,2.9,25.6,25.6,100.0,1007.1,1006.7,1006.7,18580,9999,18580,19950,,M,M,,,6327,BKN065,OVC240,,,None,25.6,100.0,,250,2.4,-2
2023-01-25 11:48:15,2.5,249,,1.3,-2,2.4,255,235.0,269.0,2.9,25.6,25.6,100.0,1007.1,1006.7,1006.7,18540,9999,18540,19950,,M,M,,,6278,FEW055,BKN065,OVC240,,None,25.6,100.0,,249,2.5,-2
2023-01-25 11:49:15,2.6,248,,1.4,-2,2.4,254,235.0,269.0,3.0,25.7,25.7,100.0,1007.1,1006.7,1006.7,18880,9999,18540,19950,,M,M,,,6589,BKN065,OVC240,,,None,25.7,100.0,,248,2.6,-2
2023-01-25 11:50:15,2.7,245,,1.5,-2,2.5,253,234.0,269.0,3.2,25.7,25.7,100.0,1007.1,1006.7,1006.7,19100,9999,18540,19950,,M,M,,,6655,FEW055,BKN065,OVC240,,None,25.7,100.0,,245,2.7,-2
2023-01-25 11:51:15,2.9,244,,1.7,-2,2.6,251,234.0,269.0,3.4,25.7,25.7,100.0,1007.1,1006.8,1006.7,18780,9999,18540,19950,,M,M,,,6802,FEW055,BKN065,OVC240,,None,25.7,100.0,,244,2.9,-2
2023-01-25 11:52:15,3.1,245,,1.8,-2,2.6,249,234.0,263.0,3.5,25.7,25.7,100.0,1007.1,1006.8,1006.7,19060,9999,18540,19950,,M,M,,,6884,BKN065,OVC240,,,None,25.7,100.0,,245,3.1,-2
2023-01-25 11:53:15,3.1,245,,1.8,-2,2.7,248,234.0,262.0,3.6,25.7,25.7,100.0,1007.1,1006.8,1006.7,18960,9999,18540,19950,,M,M,,,6819,BKN065,OVC240,,,None,25.7,100.0,,245,3.1,-2
2023-01-25 11:54:15,3.2,241,,2.0,-2,2.8,246,234.0,259.0,3.6,25.7,25.7,100.0,1007.1,1006.8,1006.7,18200,9999,18200,19950,,M,M,,,6819,BKN065,OVC240,,,None,25.7,100.0,,241,3.2,-2
2023-01-25 11:55:15,3.3,236,,2.3,-2,2.9,245,230.0,259.0,3.6,25.6,25.6,100.0,1007.1,1006.8,1006.8,18640,9999,18200,19950,,M,M,,,22260,BKN065,BKN220,OVC240,,None,25.6,100.0,,236,3.3,-2
2023-01-25 11:56:15,3.2,231,,2.4,-2,2.9,242,227.0,259.0,3.6,25.6,25.6,100.0,1007.1,1006.8,1006.8,19310,9999,18200,19310,,M,M,,,21687,BKN065,OVC220,,,None,25.6,100.0,,231,3.2,-2
2023-01-25 11:57:15,3.3,228,,2.6,-2,3.0,240,225.0,259.0,3.6,25.6,25.6,100.0,1007.1,1006.9,1006.8,19230,9999,18200,19310,,M,M,,,6868,BKN065,OVC220,,,None,25.6,100.0,,228,3.3,-2
2023-01-25 11:58:15,3.5,226,,2.8,-2,3.2,238,225.0,254.0,3.8,25.6,25.6,100.0,1007.1,1006.9,1006.8,18280,9999,18200,19310,,M,M,,,6884,BKN065,OVC220,,,None,25.6,100.0,,226,3.5,-2
2023-01-25 11:59:15,3.7,224,,3.1,-2,3.3,235,216.0,254.0,3.9,25.7,25.7,100.0,1007.1,1006.9,1006.9,18320,9999,18200,19310,,M,M,,,4327,FEW050,BKN065,OVC220,,None,25.7,100.0,,224,3.7,-2
2023-01-25 12:00:15,3.6,218,,3.2,-2,3.3,232,211.0,254.0,3.9,25.7,25.7,100.0,1007.5,1007.0,1006.9,18070,9999,18070,19310,,M,M,,,21506,BKN065,OVC220,,,None,25.7,100.0,,218,3.6,-2
2023-01-25 12:01:15,3.4,210,,3.2,-2,3.4,229,199.0,254.0,3.9,25.7,25.7,100.0,1007.5,1007.0,1006.9,17990,9999,17990,19310,,M,M,,,23965,FEW050,BKN065,OVC220,,None,25.7,100.0,,210,3.4,-2
2023-01-25 12:02:15,3.3,200,,3.2,-2,3.4,223,184.0,250.0,3.9,25.7,25.7,100.0,1007.5,1007.0,1007.0,18450,9999,17990,19310,,M,M,,,23391,FEW050,BKN065,OVC220,,None,25.7,100.0,,200,3.3,-2
2023-01-25 12:03:15,3.3,196,,3.3,-2,3.4,219,184.0,243.0,3.9,25.6,25.6,100.0,1007.5,1007.0,1007.0,17980,9999,17980,19310,,M,M,,,23227,FEW050,BKN065,OVC220,,None,25.6,100.0,,196,3.3,-2
2023-01-25 12:04:15,3.2,199,,3.2,-2,3.4,215,184.0,236.0,3.9,25.6,25.6,100.0,1007.5,1007.1,1007.0,19060,9999,17980,19310,,M,M,,,6868,FEW050,BKN065,OVC220,,None,25.6,100.0,,199,3.2,-2
2023-01-25 12:05:15,3.0,200,,3.0,-2,3.3,212,184.0,231.0,3.9,25.6,25.6,100.0,1007.5,1007.1,1007.0,18960,9999,17980,19310,,M,M,,,6966,FEW050,BKN070,OVC220,,None,25.6,100.0,,200,3.0,-2
2023-01-25 12:06:15,3.0,200,,3.0,-2,3.3,209,184.0,229.0,3.9,25.7,25.7,100.0,1007.5,1007.1,1007.1,18620,9999,17980,19230,,M,M,,,7015,FEW048,BKN070,OVC220,,None,25.7,100.0,,200,3.0,-2
2023-01-25 12:07:15,3.1,199,,3.1,-2,3.3,206,184.0,228.0,3.9,25.7,25.7,100.0,1007.5,1007.1,1007.1,17950,9999,17950,19060,,M,M,,,6720,BKN070,OVC230,,,None,25.7,100.0,,199,3.1,-2
2023-01-25 12:08:15,3.3,204,,3.2,-2,3.3,204,184.0,225.0,3.9,25.8,25.8,100.0,1007.5,1007.2,1007.1,18370,9999,17950,19060,,M,M,,,6081,BKN065,OVC230,,,None,25.8,100.0,,204,3.3,-2
2023-01-25 12:09:15,3.3,211,,3.1,-2,3.2,203,184.0,221.0,3.9,25.8,25.8,100.0,1007.5,1007.2,1007.1,18430,9999,17950,19060,,M,M,,,3802,FEW042,BKN065,OVC230,,None,25.8,100.0,,211,3.3,-2
2023-01-25 12:10:15,3.2,216,,2.9,-2,3.2,204,184.0,223.0,3.9,25.8,25.8,100.0,1007.5,1007.2,1007.1,17580,9999,17580,19060,,M,M,,,3786,FEW039,BKN065,OVC230,,None,25.8,100.0,,216,3.2,-2
2023-01-25 12:11:15,3.0,220,,2.6,-2,3.2,205,184.0,228.0,3.9,25.8,25.8,100.0,1007.5,1007.2,1007.1,18200,9999,17580,19060,,M,M,,,3786,FEW039,BKN065,OVC230,,None,25.8,100.0,,220,3.0,-2
2023-01-25 12:12:15,2.9,223,,2.4,-2,3.1,209,190.0,229.0,3.8,25.8,25.8,100.0,1007.5,1007.2,1007.2,17640,9999,17580,19060,,M,M,,,6114,FEW039,BKN065,OVC230,,None,25.8,100.0,,223,2.9,-2
2023-01-25 12:13:15,3.1,224,,2.6,-2,3.1,211,190.0,229.0,3.8,25.8,25.8,100.0,1007.5,1007.2,1007.2,16990,9999,16990,19060,,M,M,,,3917,SCT039,BKN065,OVC230,,None,25.8,100.0,,224,3.1,-2
2023-01-25 12:14:15,3.2,224,,2.7,-2,3.1,214,190.0,229.0,3.8,25.8,25.8,100.0,1007.5,1007.3,1007.2,16500,9999,16500,18960,,M,M,,,3901,SCT039,BKN065,OVC230,,None,25.8,100.0,,224,3.2,-2
2023-01-25 12:15:15,3.2,224,,2.7,-2,3.1,216,190.0,229.0,3.8,25.7,25.7,100.0,1007.5,1007.3,1007.2,15250,9999,15250,18620,,M,M,,,6065,SCT039,BKN065,OVC230,,None,25.7,100.0,,224,3.2,-2
2023-01-25 12:16:15,3.2,223,,2.7,-2,3.2,218,190.0,229.0,3.8,25.7,25.7,100.0,1007.5,1007.3,1007.2,14390,9999,14390,18430,,M,M,,,6065,SCT039,BKN065,OVC230,,None,25.7,100.0,,223,3.2,-2
2023-01-25 12:17:15,3.1,224,,2.6,-2,3.2,221,202.0,231.0,3.8,25.7,25.7,100.0,1007.5,1007.3,1007.2,14800,9999,14390,18430,,M,M,,,6032,SCT039,BKN065,OVC230,,None,25.7,100.0,,224,3.1,-2
2023-01-25 12:18:15,3.2,226,,2.6,-2,3.1,223,206.0,231.0,3.8,25.7,25.7,100.0,1007.5,1007.3,1007.2,14390,9999,14390,18430,,M,M,,,6032,SCT039,BKN065,OVC230,,None,25.7,100.0,,226,3.2,-2
2023-01-25 12:19:15,3.2,231,,2.4,-2,3.1,225,215.0,243.0,3.7,25.7,25.7,100.0,1007.8,1007.3,1007.2,14680,9999,14390,18200,,M,M,,,3950,SCT039,BKN065,OVC230,,None,25.7,100.0,,231,3.2,-2
2023-01-25 12:20:15,2.7,236,,1.9,-2,3.0,226,216.0,243.0,3.7,25.7,25.7,100.0,1007.8,1007.3,1007.2,14600,9999,14390,18200,,M,M,,,6032,SCT039,BKN065,OVC230,,None,25.7,100.0,,236,2.7,-2
2023-01-25 12:21:15,2.2,236,,1.5,-2,2.9,228,220.0,243.0,3.7,25.7,25.7,100.0,1007.8,1007.3,1007.2,13470,9999,13470,17640,,M,M,,,4048,SCT039,BKN065,OVC230,,None,25.7,100.0,,236,2.2,-2
2023-01-25 12:22:15,2.1,242,,1.3,-2,2.9,230,220.0,256.0,3.7,25.7,25.7,100.0,1007.8,1007.3,1007.2,13350,9999,13350,16990,,M,M,,,4098,SCT039,BKN065,OVC230,,None,25.7,100.0,,242,2.1,-2
2023-01-25 12:23:15,3.0,229,,2.3,-2,2.9,229,200.0,256.0,5.1,25.7,25.7,100.0,1007.8,1007.3,1007.2,13350,9999,13350,16500,,M,M,,,6376,SCT039,BKN065,OVC230,,None,25.7,100.0,,229,3.0,-2
2023-01-25 12:24:15,3.2,222,,2.7,-2,2.9,230,200.0,256.0,5.1,25.7,25.7,100.0,1007.8,1007.3,1007.3,13840,9999,13350,15250,,M,M,,,1590,SCT041,BKN065,OVC230,,None,25.7,100.0,,222,3.2,-2
2023-01-25 12:25:15,2.4,228,,1.9,-2,2.8,230,194.0,256.0,5.1,25.7,25.7,100.0,1007.8,1007.3,1007.3,13220,9999,13220,14800,,M,M,,,6015,SCT041,BKN065,OVC230,,None,25.7,100.0,,228,2.4,-2
2023-01-25 12:26:15,2.5,222,,2.1,-2,2.7,230,194.0,256.0,5.1,25.7,25.7,100.0,1007.8,1007.3,1007.3,13020,9999,13020,14800,,M,M,,,5950,SCT041,BKN065,OVC230,,None,25.7,100.0,,222,2.5,-2
2023-01-25 12:27:15,2.7,226,,2.2,-2,2.7,230,194.0,256.0,5.1,25.8,25.8,100.0,1007.8,1007.3,1007.3,13200,9999,13020,14680,,M,M,,,5830,SCT041,BKN065,OVC230,,None,25.8,100.0,,226,2.7,-2
2023-01-25 12:28:15,2.8,227,,2.2,-2,2.7,230,194.0,256.0,5.1,25.9,25.9,100.0,1007.8,1007.3,1007.3,12560,9999,12560,14680,,M,M,,,5884,SCT041,BKN065,OVC230,,None,25.9,100.0,,227,2.8,-2
2023-01-25 12:29:15,2.8,224,,2.3,-2,2.6,229,194.0,256.0,5.1,26.0,26.0,100.0,1007.8,1007.3,1007.2,12510,9999,12510,14600,,M,M,,,5901,SCT041,BKN060,OVC230,,None,26.0,100.0,,224,2.8,-2
2023-01-25 12:30:15,2.5,226,,2.0,-2,2.6,228,194.0,256.0,5.1,26.0,26.0,100.0,1007.8,1007.3,1007.2,12530,9999,12510,13840,,M,M,,,1606,FEW017,SCT041,OVC060,,None,26.0,100.0,,226,2.5,-2
2023-01-25 12:31:15,2.4,228,,1.9,-2,2.6,227,194.0,256.0,5.1,26.0,26.0,100.0,1007.5,1007.3,1007.2,12420,9999,12420,13840,,M,M,,,1721,FEW017,SCT041,OVC060,,None,26.0,100.0,,228,2.4,-2
2023-01-25 12:32:15,2.3,229,,1.8,-2,2.7,225,194.0,256.0,5.1,26.0,26.0,100.0,1007.5,1007.3,1007.2,12200,9999,12200,13840,,M,M,,,1590,FEW017,BKN041,OVC060,,None,26.0,100.0,,229,2.3,-2
2023-01-25 12:33:15,2.3,227,,1.8,-2,2.5,227,194.0,256.0,3.8,25.9,25.9,100.0,1007.8,1007.3,1007.2,12590,9999,12200,13840,,M,M,,,1508,SCT017,BKN041,OVC065,,None,25.9,100.0,,227,2.3,-2
2023-01-25 12:34:15,2.1,229,,1.6,-2,2.5,226,194.0,249.0,3.8,25.9,25.9,100.0,1007.8,1007.3,1007.2,13020,9999,12200,13220,,M,M,,,1508,SCT017,BKN041,OVC060,,None,25.9,100.0,,229,2.1,-2
2023-01-25 12:35:15,2.3,230,,1.8,-2,2.5,227,205.0,245.0,3.8,25.8,25.8,100.0,1007.8,1007.3,1007.3,12820,9999,12200,13200,,M,M,,,1508,SCT017,BKN041,OVC060,,None,25.8,100.0,,230,2.3,-2
2023-01-25 12:36:15,2.3,232,,1.7,-2,2.4,228,208.0,243.0,3.8,25.8,25.8,100.0,1007.8,1007.3,1007.3,12580,9999,12200,13200,,M,M,,,1540,SCT017,BKN041,OVC060,,None,25.8,100.0,,232,2.3,-2
2023-01-25 12:37:15,2.0,231,,1.5,-2,2.3,228,208.0,243.0,3.7,25.7,25.7,100.0,1007.8,1007.4,1007.3,12390,9999,12200,13020,,M,M,,,1557,SCT017,BKN041,OVC060,,None,25.7,100.0,,231,2.0,-2
2023-01-25 12:38:15,1.8,231,,1.4,-2,2.2,229,210.0,246.0,3.7,25.7,25.7,100.0,1007.8,1007.4,1007.3,13040,9999,12200,13040,,M,M,,,1557,SCT017,BKN041,OVC060,,None,25.7,100.0,,231,1.8,-2
2023-01-25 12:39:15,1.7,237,,1.2,-2,2.1,231,210.0,246.0,3.7,25.7,25.7,100.0,1007.8,1007.4,1007.4,13450,9999,12200,13450,,M,M,,,1590,BKN017,BKN041,OVC060,,None,25.7,100.0,,237,1.7,-2
2023-01-25 12:40:15,1.7,241,,1.1,-2,2.1,232,210.0,254.0,3.4,25.7,25.7,100.0,1007.8,1007.4,1007.4,13410,9999,12200,13450,,M,M,,,1540,BKN017,BKN041,OVC060,,None,25.7,100.0,,241,1.7,-2
2023-01-25 12:41:15,1.7,240,,1.1,-2,2.0,233,210.0,254.0,3.4,25.7,25.7,100.0,1007.8,1007.5,1007.4,13650,9999,12200,13650,,M,M,,,1540,BKN017,BKN041,OVC060,,None,25.7,100.0,,240,1.7,-2
2023-01-25 12:42:15,1.6,240,,1.0,-2,1.9,235,215.0,254.0,3.4,25.8,25.8,100.0,1007.8,1007.5,1007.4,13100,9999,12390,13650,,M,M,,,1557,BKN017,BKN041,OVC060,,None,25.8,100.0,,240,1.6,-2
2023-01-25 12:43:15,1.3,245,,0.7,-2,1.8,237,215.0,262.0,3.4,25.8,25.8,100.0,1007.8,1007.5,1007.4,13300,9999,12390,13650,,M,M,,,1557,BKN017,BKN041,OVC060,,None,25.8,100.0,,245,1.3,-2
2023-01-25 12:44:15,1.0,253,,0.5,-2,1.7,239,215.0,273.0,3.4,25.9,25.9,100.0,1007.8,1007.5,1007.4,13680,9999,12390,13680,,M,M,,,1573,BKN017,BKN041,OVC060,,None,25.9,100.0,,253,1.0,-2
2023-01-25 12:45:15,1.1,265,,0.3,-2,1.6,243,215.0,286.0,2.6,25.9,25.9,100.0,1007.8,1007.5,1007.4,13730,9999,12390,13730,,M,M,,,1540,BKN017,BKN041,OVC060,,None,25.9,100.0,,265,1.1,-2
2023-01-25 12:46:15,1.4,273,,0.2,-2,1.5,247,215.0,286.0,2.4,26.0,26.0,100.0,1007.8,1007.5,1007.4,13510,9999,12390,13730,,M,M,,,1540,BKN017,BKN041,OVC060,,None,26.0,100.0,,273,1.4,-2
2023-01-25 12:47:15,1.6,277,,0.1,-2,1.5,253,220.0,291.0,2.3,26.0,26.0,100.0,1007.8,1007.5,1007.4,13500,9999,13040,13730,,M,M,,,1508,BKN017,BKN041,OVC060,,None,26.0,100.0,,277,1.6,-2
2023-01-25 12:48:15,1.7,279,,0.0,-2,1.5,257,220.0,291.0,2.3,26.0,26.0,100.0,1007.8,1007.5,1007.4,13220,9999,13100,13730,,M,M,,,1491,BKN017,BKN041,OVC060,,None,26.0,100.0,,279,1.7,-2
2023-01-25 12:49:15,1.7,275,,0.1,-2,1.5,261,220.0,291.0,2.3,26.1,26.1,100.0,1007.8,1007.4,1007.4,12950,9999,12950,13730,,M,M,,,1475,BKN017,BKN041,OVC060,,None,26.1,100.0,,275,1.7,-2
2023-01-25 12:50:15,2.0,276,,0.1,-2,1.5,264,220.0,291.0,2.5,26.2,26.2,100.0,1007.8,1007.4,1007.4,13280,9999,12950,13730,,M,M,,,1508,BKN017,BKN041,OVC060,,None,26.2,100.0,,276,2.0,-2
2023-01-25 12:51:15,2.4,278,,0.1,-2,1.6,268,220.0,291.0,2.7,26.2,26.2,100.0,1007.8,1007.4,1007.3,14210,9999,12950,14210,,M,M,,,1491,BKN017,BKN041,OVC060,,None,26.2,100.0,,278,2.4,-2
2023-01-25 12:52:15,2.6,279,,0.0,-2,1.7,272,222.0,291.0,2.8,26.2,26.2,100.0,1007.8,1007.4,1007.3,13950,9999,12950,14210,,M,M,,,1475,BKN017,OVC060,,,None,26.2,100.0,,279,2.6,-2
2023-01-25 12:53:15,2.6,277,,0.1,-2,1.9,275,239.0,291.0,2.9,26.2,26.2,100.0,1007.8,1007.4,1007.3,14400,9999,12950,14400,,M,M,,,1786,BKN017,OVC060,,,None,26.2,100.0,,277,2.6,-2
2023-01-25 12:54:15,2.7,277,,0.1,-2,2.1,277,253.0,291.0,2.9,26.2,26.2,100.0,1007.8,1007.4,1007.3,15040,9999,12950,15040,,M,M,,,1704,BKN017,OVC060,,,None,26.2,100.0,,277,2.7,-2
2023-01-25 12:55:15,3.5,275,,0.3,-2,2.4,277,253.0,291.0,5.4,26.1,26.1,100.0,1007.8,1007.4,1007.3,16320,9999,12950,16320,,M,M,,,1639,OVC017,,,,None,26.1,100.0,,275,3.5,-2
2023-01-25 12:56:15,5.5,273,,0.7,-2,2.9,277,258.0,291.0,7.8,26.1,26.1,100.0,1007.8,1007.4,1007.3,17010,9999,12950,17010,,M,M,,,1868,OVC017,,,,None,26.1,100.0,,273,5.5,-2
2023-01-25 12:57:15,7.7,275,,0.7,-2,3.6,276,258.0,288.0,10.1,26.0,26.0,100.0,1007.8,1007.5,1007.4,16460,9999,12950,17010,,M,M,,,2475,OVC017,,,,None,26.0,100.0,,275,7.7,-2
2023-01-25 12:58:15,8.7,279,,0.2,-2,4.3,277,269.0,285.0,10.3,26.0,26.0,100.0,1007.8,1007.5,1007.5,15510,9999,12950,17010,,M,M,,,2311,BKN017,OVC024,,,None,26.0,100.0,,279,8.7,-2
2023-01-25 12:59:15,8.5,276,,0.6,-2,4.9,277,268.0,285.0,11.2,25.9,25.9,100.0,1007.8,1007.5,1007.4,15320,9999,13280,17010,,M,M,,,5524,BKN017,OVC024,,,None,25.9,100.0,,276,8.5,-2
2023-01-25 13:00:15,8.0,272,,1.1,-2,5.5,276,267.0,285.0,11.2,25.9,25.9,100.0,1007.8,1007.5,1007.4,15390,9999,13950,17010,,M,M,,,2163,BKN017,OVC024,,,None,25.9,100.0,,272,8.0,-2
2023-01-25 13:01:15,8.4,270,,1.5,-2,6.2,275,260.0,285.0,11.6,25.9,25.9,100.0,1007.8,1007.5,1007.4,14750,9999,13950,17010,,M,M,,,4376,BKN017,OVC024,,,None,25.9,100.0,,270,8.4,-2
2023-01-25 13:02:15,9.0,268,,1.9,-2,6.8,274,260.0,285.0,11.6,26.0,26.0,100.0,1007.8,1007.5,1007.5,13420,9999,13420,17010,,M,M,,,2098,BKN017,OVC024,,,None,26.0,100.0,,268,9.0,-2
2023-01-25 13:03:15,9.1,267,,2.0,-2,7.4,273,260.0,285.0,11.6,25.9,25.9,100.0,1007.8,1007.5,1007.5,12370,9999,12370,17010,,M,M,,,1983,BKN017,OVC022,,,None,25.9,100.0,,267,9.1,-2
2023-01-25 13:04:15,9.5,267,,2.1,-2,8.1,272,260.0,285.0,11.6,25.9,25.9,100.0,1007.8,1007.5,1007.5,12450,9999,12370,17010,,M,M,,,1852,BKN017,OVC024,,,None,25.9,100.0,,267,9.5,-2
2023-01-25 13:05:15,9.5,267,,2.1,-2,8.6,271,260.0,285.0,11.6,25.8,25.8,100.0,1007.8,1007.5,1007.5,12190,9999,12190,17010,,M,M,,,1885,BKN017,OVC024,,,None,25.8,100.0,,267,9.5,-2
2023-01-25 13:06:15,8.8,265,,2.3,-2,8.8,270,259.0,285.0,11.6,25.8,25.8,100.0,1007.8,1007.6,1007.5,11750,9999,11750,16460,,M,M,,,2032,BKN017,OVC024,,,None,25.8,100.0,,265,8.8,-2
2023-01-25 13:07:15,7.9,262,,2.4,-2,8.7,268,257.0,284.0,11.6,25.7,25.7,100.0,1007.8,1007.6,1007.5,11770,9999,11750,15510,,M,M,,,2016,BKN017,OVC024,,,None,25.7,100.0,,262,7.9,-2
2023-01-25 13:08:15,7.2,256,,2.9,-2,8.5,266,245.0,278.0,11.6,25.7,25.7,100.0,1007.8,1007.6,1007.5,11980,9999,11750,15390,,M,M,,,2819,SCT017,OVC021,,,None,25.7,100.0,,256,7.2,-2
2023-01-25 13:09:15,6.3,247,,3.4,-2,8.2,262,240.0,276.0,11.6,25.7,25.7,100.0,1007.8,1007.6,1007.5,12320,9999,11750,15390,,M,M,,,2901,SCT017,BKN021,OVC029,,None,25.7,100.0,,247,6.3,-2
2023-01-25 13:10:15,5.4,241,,3.4,-2,8.0,259,235.0,275.0,11.6,25.7,25.7,100.0,1007.8,1007.6,1007.5,11750,9999,11750,14750,,M,M,,,3130,SCT017,BKN021,OVC029,,None,25.7,100.0,,241,5.4,-2
2023-01-25 13:11:15,5.0,237,,3.4,-2,7.6,256,231.0,273.0,11.5,25.7,25.7,100.0,1007.8,1007.6,1007.6,11730,9999,11730,13420,,M,M,,,3261,BKN017,BKN024,OVC031,,None,25.7,100.0,,237,5.0,-2
2023-01-25 13:12:15,5.0,237,,3.4,-2,7.2,253,231.0,270.0,11.5,25.7,25.7,100.0,1008.1,1007.6,1007.6,11890,9999,11730,12450,,M,M,,,3360,BKN017,BKN024,OVC031,,None,25.7,100.0,,237,5.0,-2
2023-01-25 13:13:15,5.0,239,,3.3,-2,6.8,250,231.0,270.0,10.8,25.7,25.7,100.0,1008.1,1007.7,1007.6,12110,9999,11730,12450,,M,M,,,3557,BKN017,BKN024,OVC031,,None,25.7,100.0,,239,5.0,-2
2023-01-25 13:14:15,4.7,245,,2.7,-2,6.2,249,231.0,269.0,10.1,25.7,25.7,100.0,1008.1,1007.7,1007.6,12070,9999,11730,12320,,M,M,,,3475,SCT017,BKN021,OVC031,,None,25.7,100.0,,245,4.7,-2
2023-01-25 13:15:15,4.2,247,,2.3,-2,5.7,247,231.0,267.0,9.5,25.7,25.7,100.0,1008.1,1007.7,1007.6,12070,9999,11730,12320,,M,M,,,5229,SCT017,BKN021,OVC033,,None,25.7,100.0,,247,4.2,-2
2023-01-25 13:16:15,4.0,242,,2.5,-2,5.2,244,231.0,267.0,8.5,25.7,25.7,100.0,1008.1,1007.7,1007.6,11970,9999,11730,12320,,M,M,,,3934,FEW017,BKN021,OVC033,,None,25.7,100.0,,242,4.0,-2
2023-01-25 13:17:15,4.0,238,,2.7,-2,4.9,242,231.0,255.0,7.4,25.7,25.7,100.0,1008.1,1007.7,1007.6,11990,9999,11730,12320,,M,M,,,7228,SCT019,BKN031,OVC038,,None,25.7,100.0,,238,4.0,-2
2023-01-25 13:18:15,3.7,237,,2.5,-2,4.6,240,230.0,254.0,6.4,25.7,25.7,100.0,1008.1,1007.6,1007.6,12040,9999,11730,12320,,M,M,,,4114,SCT019,BKN031,BKN038,OVC050,None,25.7,100.0,,237,3.7,-2
2023-01-25 13:19:15,3.5,236,,2.4,-2,4.3,239,230.0,254.0,6.3,25.7,25.7,100.0,1007.8,1007.6,1007.6,12120,9999,11730,12120,,M,M,,,4245,SCT019,BKN033,BKN042,OVC050,None,25.7,100.0,,236,3.5,-2
2023-01-25 13:20:15,3.3,234,,2.4,-2,4.1,239,225.0,254.0,6.3,25.7,25.7,100.0,1007.8,1007.6,1007.6,11990,9999,11730,12120,,M,M,,,4425,SCT019,BKN033,BKN042,OVC050,None,25.7,100.0,,234,3.3,-2
2023-01-25 13:21:15,3.2,235,,2.3,-2,4.0,239,225.0,254.0,6.3,25.7,25.7,100.0,1007.8,1007.6,1007.6,12100,9999,11890,12120,,M,M,,,4671,SCT019,BKN033,BKN042,OVC050,None,25.7,100.0,,235,3.2,-2
2023-01-25 13:22:15,3.3,239,,2.2,-2,3.8,239,225.0,259.0,5.7,25.7,25.7,100.0,1007.8,1007.6,1007.6,11790,9999,11790,12120,,M,M,,,4737,SCT021,BKN033,BKN042,OVC050,None,25.7,100.0,,239,3.3,-2
2023-01-25 13:23:15,4.0,234,,2.9,-2,3.8,238,213.0,259.0,5.4,25.8,25.8,100.0,1007.8,1007.6,1007.6,12400,9999,11790,12400,,M,M,,,4884,SCT021,BKN033,BKN042,OVC050,None,25.8,100.0,,234,4.0,-2
2023-01-25 13:24:15,3.7,230,,2.8,-2,3.6,236,213.0,259.0,5.4,25.8,25.8,100.0,1007.8,1007.6,1007.6,12660,9999,11790,12660,,M,M,,,5196,SCT021,BKN033,BKN042,OVC050,None,25.8,100.0,,230,3.7,-2
2023-01-25 13:25:15,3.0,230,,2.3,-2,3.5,235,213.0,259.0,5.4,25.8,25.8,100.0,1007.8,1007.6,1007.5,12080,9999,11790,12660,,M,M,,,5032,SCT021,BKN033,BKN042,OVC050,None,25.8,100.0,,230,3.0,-2
2023-01-25 13:26:15,3.1,228,,2.4,-2,3.4,234,213.0,259.0,5.4,25.8,25.8,100.0,1007.8,1007.6,1007.5,12230,9999,11790,12660,,M,M,,,5179,SCT021,SCT033,BKN042,OVC050,None,25.8,100.0,,228,3.1,-2
2023-01-25 13:27:15,3.0,229,,2.3,-2,3.3,233,213.0,259.0,5.4,25.9,25.9,100.0,1007.8,1007.6,1007.5,12190,9999,11790,12660,,M,M,,,5622,FEW021,SCT033,BKN044,OVC050,None,25.9,100.0,,229,3.0,-2
2023-01-25 13:28:15,2.9,228,,2.3,-2,3.3,232,213.0,259.0,5.4,25.9,25.9,100.0,1007.8,1007.6,1007.5,12230,9999,11790,12660,,M,M,,,5770,FEW021,SCT033,BKN044,OVC055,None,25.9,100.0,,228,2.9,-2
2023-01-25 13:29:15,2.7,227,,2.2,-2,3.2,231,213.0,259.0,5.4,25.8,25.8,100.0,1007.8,1007.6,1007.5,12090,9999,11790,12660,,M,M,,,5851,FEW021,SCT033,BKN048,OVC060,None,25.8,100.0,,227,2.7,-2
2023-01-25 13:30:15,2.4,230,,1.8,-2,3.1,231,213.0,259.0,5.4,25.8,25.8,100.0,1007.8,1007.6,1007.5,12080,9999,11790,12660,,M,M,,,5852,FEW021,SCT033,BKN050,OVC060,None,25.8,100.0,,230,2.4,-2
2023-01-25 13:31:15,2.1,236,,1.5,-2,3.0,231,213.0,259.0,5.4,25.8,25.8,100.0,1007.8,1007.6,1007.5,12210,9999,11790,12660,,M,M,,,3507,FEW021,SCT033,BKN048,OVC060,None,25.8,100.0,,236,2.1,-2
2023-01-25 13:32:15,2.1,240,,1.3,-2,2.8,231,213.0,249.0,5.4,25.8,25.8,100.0,1007.8,1007.6,1007.5,12410,9999,12080,12660,,M,M,,,4950,FEW021,SCT033,BKN048,OVC060,None,25.8,100.0,,240,2.1,-2
2023-01-25 13:33:15,2.3,238,,1.5,-2,2.6,232,220.0,247.0,3.6,25.8,25.8,100.0,1007.8,1007.6,1007.5,12510,9999,12080,12660,,M,M,,,3475,FEW021,SCT033,BKN048,OVC060,None,25.8,100.0,,238,2.3,-2
2023-01-25 13:34:15,2.3,235,,1.6,-2,2.6,232,220.0,247.0,3.6,25.8,25.8,100.0,1007.8,1007.5,1007.5,12560,9999,12080,12560,,M,M,,,9261,SCT030,SCT043,OVC055,,None,25.8,100.0,,235,2.3,-2
2023-01-25 13:35:15,2.4,235,,1.7,-2,2.5,233,220.0,247.0,3.4,25.8,25.8,100.0,1007.8,1007.5,1007.5,12560,9999,12080,12560,,M,M,,,9114,SCT030,SCT043,BKN055,OVC087,None,25.8,100.0,,235,2.4,-2
2023-01-25 13:36:15,2.4,234,,1.7,-2,2.4,233,220.0,247.0,3.4,25.8,25.8,100.0,1007.8,1007.5,1007.5,12450,9999,12080,12560,,M,M,,,6835,SCT036,BKN055,BKN070,OVC092,None,25.8,100.0,,234,2.4,-2
2023-01-25 13:37:15,2.5,232,,1.9,-2,2.4,233,220.0,247.0,3.3,25.8,25.8,100.0,1007.8,1007.5,1007.5,12250,9999,12080,12560,,M,M,,,6704,SCT036,BKN055,BKN069,OVC092,None,25.8,100.0,,232,2.5,-2
2023-01-25 13:38:15,2.6,231,,2.0,-2,2.4,234,220.0,247.0,3.1,25.8,25.8,100.0,1007.8,1007.5,1007.5,12070,9999,12070,12560,,M,M,,,6507,SCT038,BKN055,BKN068,OVC092,None,25.8,100.0,,231,2.6,-2
2023-01-25 13:39:15,3.0,235,,2.1,-2,2.4,235,220.0,247.0,4.1,25.9,25.9,100.0,1007.8,1007.5,1007.5,12250,9999,12070,12560,,M,M,,,6278,SCT038,BKN055,BKN068,OVC092,None,25.9,100.0,,235,3.0,-2
2023-01-25 13:40:15,3.1,236,,2.2,-2,2.5,235,220.0,247.0,4.1,25.9,25.9,100.0,1007.8,1007.5,1007.5,12470,9999,12070,12560,,M,M,,,6655,SCT038,BKN055,BKN067,OVC092,None,25.9,100.0,,236,3.1,-2
2023-01-25 13:41:15,2.8,238,,1.9,-2,2.6,235,220.0,250.0,4.1,25.9,25.9,100.0,1007.8,1007.5,1007.5,12110,9999,12070,12560,,M,M,,,2917,SCT038,BKN055,BKN067,OVC092,None,25.9,100.0,,238,2.8,-2
2023-01-25 13:42:15,2.8,244,,1.6,-2,2.7,236,220.0,250.0,4.1,25.9,25.9,100.0,1007.8,1007.5,1007.5,12620,9999,12070,12620,,M,M,,,7638,FEW031,BKN050,BKN070,OVC092,None,25.9,100.0,,244,2.8,-2
2023-01-25 13:43:15,3.0,245,,1.7,-2,2.7,237,220.0,250.0,4.1,25.9,25.9,100.0,1007.8,1007.5,1007.5,12470,9999,12070,12620,,M,M,,,21997,SCT036,BKN055,BKN068,OVC092,None,25.9,100.0,,245,3.0,-2
2023-01-25 13:44:15,2.8,245,,1.6,-2,2.8,238,220.0,250.0,4.1,25.9,25.9,100.0,1007.8,1007.5,1007.5,12590,9999,12070,12620,,M,M,,,3130,FEW028,BKN050,BKN070,OVC092,None,25.9,100.0,,245,2.8,-2
2023-01-25 13:45:15,2.7,243,,1.6,-2,2.8,239,220.0,250.0,4.1,25.9,25.9,100.0,1007.8,1007.5,1007.5,12600,9999,12070,12620,,M,M,,,21916,FEW028,BKN050,BKN070,OVC089,None,25.9,100.0,,243,2.7,-2
2023-01-25 13:46:15,2.5,239,,1.6,-2,2.8,239,220.0,250.0,4.1,25.9,25.9,100.0,1007.8,1007.5,1007.5,12290,9999,12070,12620,,M,M,,,21605,FEW028,BKN050,BKN070,OVC220,None,25.9,100.0,,239,2.5,-2
2023-01-25 13:47:15,2.2,241,,1.4,-2,2.7,240,220.0,254.0,4.1,25.9,25.9,100.0,1007.8,1007.5,1007.5,12100,9999,12070,12620,,M,M,,,21407,FEW028,BKN050,BKN065,OVC220,None,25.9,100.0,,241,2.2,-2
2023-01-25 13:48:15,1.9,248,,1.0,-2,2.6,243,220.0,257.0,4.1,25.9,25.9,100.0,1007.8,1007.5,1007.4,11840,9999,11840,12620,,M,M,,,21735,FEW028,SCT048,BKN065,OVC220,None,25.9,100.0,,248,1.9,-2
2023-01-25 13:49:15,1.7,256,,0.7,-2,2.5,245,220.0,270.0,3.9,25.9,25.9,100.0,1007.8,1007.5,1007.4,11830,9999,11830,12620,,M,M,,,21604,FEW028,SCT048,BKN065,OVC220,None,25.9,100.0,,256,1.7,-2
2023-01-25 13:50:15,1.7,265,,0.4,-2,2.3,248,235.0,279.0,3.5,25.9,25.9,100.0,1007.8,1007.5,1007.4,12150,9999,11830,12620,,M,M,,,21080,FEW028,BKN055,BKN085,OVC220,None,25.9,100.0,,265,1.7,-2
2023-01-25 13:51:15,1.9,272,,0.3,-2,2.3,251,235.0,279.0,3.5,25.8,25.8,100.0,1007.8,1007.5,1007.4,11890,9999,11830,12620,,M,M,,,21146,FEW028,SCT055,BKN067,OVC220,None,25.8,100.0,,272,1.9,-2
2023-01-25 13:52:15,2.1,272,,0.3,-2,2.2,254,235.0,279.0,3.0,25.8,25.8,100.0,1007.8,1007.4,1007.4,12250,9999,11830,12600,,M,M,,,21162,FEW028,SCT055,BKN067,OVC220,None,25.8,100.0,,272,2.1,-2
2023-01-25 13:53:15,2.4,275,,0.2,-2,2.2,257,235.0,320.0,5.0,25.8,25.8,100.0,1007.8,1007.4,1007.4,12360,9999,11830,12600,,M,M,,,3409,FEW032,SCT060,BKN087,OVC220,None,25.8,100.0,,275,2.4,-2
2023-01-25 13:54:15,2.8,271,,0.4,-2,2.2,259,235.0,320.0,5.0,25.8,25.8,100.0,1007.8,1007.4,1007.3,13170,9999,11830,13170,,M,M,,,0,FEW032,SCT060,BKN087,OVC220,None,25.8,100.0,,271,2.8,-2
2023-01-25 13:55:15,2.8,261,,0.9,-2,2.2,261,235.0,320.0,5.0,25.8,25.8,100.0,1007.8,1007.4,1007.3,12890,9999,11830,13170,,M,M,,,0,FEW030,SCT060,BKN087,OVC220,None,25.8,100.0,,261,2.8,-2
2023-01-25 13:56:15,2.7,255,,1.1,-2,2.2,262,241.0,320.0,5.0,25.8,25.8,100.0,1007.8,1007.3,1007.3,12470,9999,11830,13170,,M,M,,,16768,FEW030,SCT060,BKN087,OVC220,None,25.8,100.0,,255,2.7,-2
2023-01-25 13:57:15,3.0,248,,1.6,-2,2.4,262,240.0,320.0,5.0,25.8,25.8,100.0,1007.5,1007.3,1007.2,12250,9999,11830,13170,,M,M,,,16392,FEW030,SCT060,BKN180,OVC220,None,25.8,100.0,,248,3.0,-2
2023-01-25 13:58:15,3.6,247,,2.0,-2,2.6,262,240.0,320.0,5.0,25.8,25.8,100.0,1007.5,1007.3,1007.2,12640,9999,11830,13170,,M,M,,,15867,FEW030,SCT060,BKN160,OVC220,None,25.8,100.0,,247,3.6,-2
2023-01-25 13:59:15,3.7,247,,2.0,-2,2.8,261,237.0,320.0,5.0,25.7,25.7,100.0,1007.5,1007.2,1007.2,12630,9999,11890,13170,,M,M,,,16359,FEW030,SCT065,BKN160,OVC220,None,25.7,100.0,,247,3.7,-2
2023-01-25 14:00:15,3.9,245,,2.2,-2,3.0,258,237.0,320.0,5.0,25.7,25.7,100.0,1007.5,1007.2,1007.1,12890,9999,11890,13170,,M,M,,,15884,FEW030,SCT065,BKN160,OVC220,None,25.7,100.0,,245,3.9,-2
2023-01-25 14:01:15,4.3,242,,2.6,-2,3.2,255,233.0,320.0,5.0,25.7,25.7,100.0,1007.5,1007.2,1007.1,12630,9999,12250,13170,,M,M,,,16015,FEW033,SCT075,BKN160,OVC220,None,25.7,100.0,,242,4.3,-2
2023-01-25 14:02:15,4.3,239,,2.8,-2,3.5,251,233.0,320.0,5.0,25.7,25.7,100.0,1007.5,1007.2,1007.1,12510,9999,12250,13170,,M,M,,,16277,FEW030,SCT075,BKN160,OVC220,None,25.7,100.0,,239,4.3,-2
2023-01-25 14:03:15,4.2,239,,2.8,-2,3.6,247,233.0,317.0,4.8,25.8,25.8,100.0,1007.5,1007.2,1007.1,11340,9999,11340,13170,,M,M,,,15621,FEW030,SCT087,BKN160,OVC220,None,25.8,100.0,,239,4.2,-2
2023-01-25 14:04:15,4.3,237,,2.9,-2,3.8,245,233.0,278.0,4.9,25.8,25.8,100.0,1007.5,1007.1,1007.1,11530,9999,11340,12890,,M,M,,,15736,FEW030,SCT086,BKN160,OVC220,None,25.8,100.0,,237,4.3,-2
2023-01-25 14:05:15,4.4,235,,3.1,-2,3.9,242,232.0,256.0,4.9,25.7,25.7,100.0,1007.5,1007.1,1007.1,11170,9999,11170,12890,,M,M,,,16096,FEW030,SCT070,BKN160,OVC220,None,25.7,100.0,,235,4.4,-2
2023-01-25 14:06:15,4.4,233,,3.2,-2,4.1,240,230.0,255.0,4.9,25.7,25.7,100.0,1007.5,1007.1,1007.1,11350,9999,11170,12890,,M,M,,,15687,FEW030,BKN160,OVC220,,None,25.7,100.0,,233,4.4,-2
2023-01-25 14:07:15,4.3,233,,3.1,-2,4.2,239,230.0,255.0,4.9,25.6,25.6,100.0,1007.5,1007.1,1007.1,10920,9999,10920,12890,,M,M,,,262,FEW030,BKN160,OVC220,,None,25.6,100.0,,233,4.3,-2
2023-01-25 14:08:15,4.3,233,,3.1,-2,4.2,237,229.0,255.0,4.9,25.6,25.6,100.0,1007.5,1007.1,1007.1,10900,9999,10900,12890,,M,M,,,17425,FEW030,BKN160,BKN220,,None,25.6,100.0,,233,4.3,-2
2023-01-25 14:09:15,4.2,234,,3.0,-2,4.3,237,229.0,252.0,4.9,25.5,25.5,100.0,1007.5,1007.1,1007.1,10780,9999,10780,12890,,M,M,,,17375,FEW030,BKN160,BKN220,,None,25.5,100.0,,234,4.2,-2
2023-01-25 14:10:15,4.4,240,,2.8,-2,4.3,236,229.0,247.0,5.0,25.5,25.5,100.0,1007.5,1007.1,1007.1,10590,9999,10590,12630,,M,M,,,17162,FEW030,BKN160,BKN220,,None,25.5,100.0,,240,4.4,-2
2023-01-25 14:11:15,4.9,245,,2.8,-2,4.4,237,229.0,253.0,5.5,25.5,25.5,100.0,1007.5,1007.1,1007.0,10160,9999,10160,12510,,M,M,,,0,FEW030,BKN160,BKN220,,None,25.5,100.0,,245,4.9,-2
2023-01-25 14:12:15,5.2,249,,2.7,-2,4.5,238,229.0,254.0,5.5,25.4,25.4,100.0,1007.5,1007.1,1007.0,10510,9999,10160,11530,,M,M,,,4704,FEW007,BKN160,BKN220,,None,25.4,100.0,,249,5.2,-2
2023-01-25 14:13:15,5.0,252,,2.3,-2,4.6,240,229.0,255.0,5.5,25.4,25.4,100.0,1007.5,1007.1,1007.0,9970,9999,9970,11530,,M,M,,,3868,FEW040,BKN160,BKN220,,None,25.4,100.0,,252,5.0,-2
2023-01-25 14:14:15,4.7,253,,2.1,-2,4.6,241,229.0,256.0,5.5,25.4,25.4,100.0,1007.5,1007.0,1007.0,10160,9999,9970,11350,,M,M,,,393,FEW004,BKN160,BKN220,,None,25.4,100.0,,253,4.7,-2
2023-01-25 14:15:15,4.5,255,,1.9,-2,4.6,244,229.0,259.0,5.5,25.4,25.4,100.0,1007.5,1007.0,1007.0,9630,9999,9630,11350,,M,M,,,229,FEW004,SCT039,BKN160,OVC220,None,25.4,100.0,,255,4.5,-2
2023-01-25 14:16:15,4.3,254,,1.9,-2,4.6,246,229.0,259.0,5.5,25.3,25.3,100.0,1007.5,1007.0,1007.0,8660,9999,8660,10920,,M,M,,,0,FEW004,SCT039,BKN160,BKN210,None,25.3,100.0,,254,4.3,-2
2023-01-25 14:17:15,4.1,252,,1.9,-2,4.5,248,229.0,259.0,5.5,25.3,25.3,100.0,1007.5,1007.0,1007.0,9240,9999,8660,10900,,M,M,,,3573,FEW004,SCT039,BKN160,BKN210,None,25.3,100.0,,252,4.1,-2
2023-01-25 14:18:15,3.8,253,,1.7,-2,4.5,250,230.0,259.0,5.5,25.2,25.2,100.0,1007.5,1007.0,1007.0,8890,9000,8660,10780,,M,M,,,17490,FEW004,SCT039,BKN170,BKN210,BR,25.2,100.0,,253,3.8,-2
2023-01-25 14:19:15,3.5,254,,1.5,-2,4.4,251,240.0,259.0,5.5,25.2,25.2,100.0,1007.5,1007.0,1007.0,8150,9000,8150,10590,,M,M,,,4180,FEW004,SCT039,BKN160,BKN210,BR,25.2,100.0,,254,3.5,-2
2023-01-25 14:20:15,3.3,252,,1.5,-2,4.3,252,243.0,259.0,5.5,25.2,25.2,100.0,1007.5,1007.1,1007.0,8010,9000,8010,10510,,M,M,,,4556,FEW004,SCT041,BKN160,BKN210,BR,25.2,100.0,,252,3.3,-2
2023-01-25 14:21:15,3.0,251,,1.5,-2,4.0,253,246.0,259.0,5.4,25.1,25.1,100.0,1007.5,1007.1,1007.0,8020,9000,8010,10510,,M,M,,,3802,FEW004,SCT041,BKN160,BKN210,BR,25.1,100.0,,251,3.0,-2
2023-01-25 14:22:15,2.7,255,,1.1,-2,3.8,253,246.0,263.0,5.1,25.1,25.1,100.0,1007.5,1007.1,1007.0,8570,8000,8010,10160,,M,M,,,3606,FEW004,BKN041,BKN160,BKN220,BR,25.1,100.0,,255,2.7,-2
2023-01-25 14:23:15,2.8,262,,0.9,-2,3.6,255,246.0,270.0,5.0,25.1,25.1,100.0,1007.5,1007.1,1007.0,8210,8000,8010,10160,,M,M,,,3376,FEW004,SCT037,BKN045,BKN160,BR,25.1,100.0,,262,2.8,-2
2023-01-25 14:24:15,3.3,267,,0.7,-2,3.5,256,246.0,270.0,4.6,25.0,25.0,100.0,1007.5,1007.1,1007.0,8640,8000,8010,9630,,M,M,,,0,FEW004,SCT037,BKN045,BKN160,BR,25.0,100.0,,267,3.3,-2
2023-01-25 14:25:15,3.9,266,,0.9,-2,3.4,257,246.0,271.0,4.5,25.0,25.0,100.0,1007.5,1007.1,1007.0,8550,8000,8010,9240,,M,M,,,17998,FEW004,SCT037,BKN045,BKN160,BR,25.0,100.0,,266,3.9,-2
2023-01-25 14:26:15,4.1,267,,0.9,-2,3.4,259,246.0,272.0,4.5,25.0,25.0,100.0,1007.5,1007.1,1007.0,8750,8000,8010,9240,,M,M,,,18441,FEW004,SCT041,BKN160,BKN180,BR,25.0,100.0,,267,4.1,-2
2023-01-25 14:27:15,4.2,269,,0.8,-2,3.5,260,246.0,272.0,4.7,25.0,25.0,100.0,1007.5,1007.1,1007.0,8180,8000,8010,8890,,M,M,,,18260,FEW004,SCT041,BKN160,BKN180,BR,25.0,100.0,,269,4.2,-2
2023-01-25 14:28:15,4.2,271,,0.7,-2,3.5,262,246.0,274.0,4.7,25.0,25.0,100.0,1007.5,1007.1,1007.0,7780,8000,7780,8750,,M,M,,,18441,FEW004,SCT041,BKN160,BKN180,BR,25.0,100.0,,271,4.2,-2
2023-01-25 14:29:15,4.4,272,,0.6,-2,3.7,264,246.0,274.0,4.8,25.0,25.0,100.0,1007.5,1007.1,1007.0,7780,8000,7780,8750,,M,M,,,18113,FEW004,SCT041,BKN160,OVC180,BR,25.0,100.0,,272,4.4,-2
2023-01-25 14:30:15,4.6,273,,0.6,-2,3.8,266,248.0,277.0,5.0,25.0,25.0,100.0,1007.5,1007.1,1007.0,7840,8000,7780,8750,,M,M,,,17867,FEW004,SCT041,BKN160,OVC180,BR,25.0,100.0,,273,4.6,-2
2023-01-25 14:31:15,4.8,274,,0.5,-2,4.0,269,254.0,277.0,5.3,25.0,25.0,100.0,1007.5,1007.1,1007.0,8150,8000,7780,8750,,M,M,,,17588,FEW004,SCT039,BKN160,OVC180,BR,25.0,100.0,,274,4.8,-2
2023-01-25 14:32:15,5.0,274,,0.5,-2,4.3,270,258.0,280.0,5.6,25.0,25.0,100.0,1007.5,1007.1,1007.0,8250,8000,7780,8750,,M,M,,,16162,FEW004,SCT039,BKN160,OVC180,BR,25.0,100.0,,274,5.0,-2
2023-01-25 14:33:15,4.9,276,,0.3,-2,4.4,271,258.0,281.0,5.6,25.0,25.0,100.0,1007.5,1007.1,1007.0,8160,8000,7780,8750,,M,M,,,16391,FEW004,SCT039,BKN160,OVC180,BR,25.0,100.0,,276,4.9,-2
2023-01-25 14:34:15,4.9,277,,0.3,-2,4.6,272,258.0,281.0,6.3,25.0,25.0,100.0,1007.5,1007.1,1007.0,8170,8000,7780,8750,,M,M,,,16179,FEW004,SCT039,BKN160,OVC180,BR,25.0,100.0,,277,4.9,-2
2023-01-25 14:35:15,5.5,276,,0.4,-2,4.8,274,266.0,281.0,7.1,25.0,25.0,100.0,1007.5,1007.1,1007.0,7930,8000,7780,8750,,M,M,,,16195,FEW004,SCT039,BKN160,OVC180,BR,25.0,100.0,,276,5.5,-2
2023-01-25 14:36:15,6.2,275,,0.5,-2,5.0,274,267.0,281.0,7.5,25.1,25.1,100.0,1007.5,1007.1,1007.1,8130,8000,7780,8250,,M,M,,,17129,FEW004,SCT039,BKN160,OVC180,BR,25.1,100.0,,275,6.2,-2
2023-01-25 14:37:15,6.9,275,,0.6,-2,5.3,275,270.0,281.0,7.8,25.1,25.1,100.0,1007.5,1007.1,1007.1,8290,8000,7780,8290,,M,M,,,16867,FEW039,BKN160,BKN180,,BR,25.1,100.0,,275,6.9,-2
2023-01-25 14:38:15,7.0,276,,0.5,-2,5.6,275,270.0,281.0,7.8,25.1,25.1,100.0,1007.5,1007.2,1007.1,8000,8000,7780,8290,,M,M,,,16736,FEW039,BKN160,BKN180,,BR,25.1,100.0,,276,7.0,-2
2023-01-25 14:39:15,7.2,278,,0.3,-2,5.9,276,271.0,282.0,8.5,25.1,25.1,100.0,1007.5,1007.2,1007.1,8160,8000,7840,8290,,M,M,,,16326,FEW039,BKN160,BKN180,,BR,25.1,100.0,,278,7.2,-2
2023-01-25 14:40:15,7.5,278,,0.3,-2,6.1,276,272.0,282.0,8.6,25.1,25.1,100.0,1007.5,1007.2,1007.2,8830,8000,7930,8830,,M,M,,,16293,FEW039,BKN160,BKN180,,BR,25.1,100.0,,278,7.5,-2
2023-01-25 14:41:15,7.4,280,,0.1,-2,6.4,277,272.0,285.0,8.6,25.1,25.1,100.0,1007.5,1007.2,1007.2,9000,8000,7930,9000,,M,M,,,16556,FEW039,BKN160,OVC180,,BR,25.1,100.0,,280,7.4,-2
2023-01-25 14:42:15,7.6,281,,0.1,-2,6.7,278,273.0,285.0,8.7,25.2,25.2,100.0,1007.5,1007.3,1007.2,9660,8000,7930,9660,,M,M,,,16769,FEW039,BKN160,OVC180,,BR,25.2,100.0,,281,7.6,-2
2023-01-25 14:43:15,7.0,285,,0.6,-2,6.8,279,273.0,299.0,8.7,25.2,25.2,100.0,1007.8,1007.3,1007.2,9810,8000,7930,9810,,M,M,,,16916,FEW039,BKN160,OVC180,,BR,25.2,100.0,,285,7.0,-2
2023-01-25 14:44:15,6.0,292,,1.2,-2,6.9,281,273.0,304.0,8.7,25.2,25.2,100.0,1007.8,1007.3,1007.3,9460,8000,7930,9810,,M,M,,,16392,FEW041,BKN160,OVC180,,BR,25.2,100.0,,292,6.0,-2
2023-01-25 14:45:15,5.5,298,,1.7,-2,6.8,283,273.0,306.0,8.7,25.2,25.2,100.0,1007.8,1007.3,1007.3,9940,8000,8000,9940,,M,M,,,16605,FEW041,OVC170,,,BR,25.2,100.0,,298,5.5,-2
2023-01-25 14:46:15,5.6,300,,1.9,-2,6.7,285,273.0,306.0,8.7,25.3,25.3,100.0,1007.8,1007.4,1007.3,10550,9000,8000,10550,,M,M,,,16670,FEW041,OVC170,,,BR,25.3,100.0,,300,5.6,-2
2023-01-25 14:47:15,6.0,298,,1.9,-2,6.6,288,273.0,307.0,8.7,25.3,25.3,100.0,1007.8,1007.4,1007.3,11170,9000,8000,11170,,M,M,,,5327,FEW036,OVC170,,,BR,25.3,100.0,,298,6.0,-2
2023-01-25 14:48:15,6.1,296,,1.7,-2,6.6,289,273.0,307.0,8.7,25.3,25.3,100.0,1007.8,1007.4,1007.3,11530,9000,8160,11530,,M,M,,,0,FEW036,BKN170,,,BR,25.3,100.0,,296,6.1,-2
2023-01-25 14:49:15,5.5,293,,1.2,-2,6.3,291,273.0,307.0,8.7,25.3,25.3,100.0,1007.8,1007.4,1007.4,10480,9000,8830,11530,,M,M,,,0,FEW036,BKN170,,,BR,25.3,100.0,,293,5.5,-2
2023-01-25 14:50:15,4.6,291,,0.9,-2,6.0,292,277.0,307.0,8.7,25.3,25.3,100.0,1007.8,1007.4,1007.4,11040,9999,9000,11530,,M,M,,,21407,FEW041,BKN170,BKN210,,None,25.3,100.0,,291,4.6,-2
2023-01-25 14:51:15,4.7,289,,0.7,-2,5.7,293,276.0,307.0,8.7,25.4,25.4,100.0,1007.8,1007.4,1007.4,10560,9999,9460,11530,,M,M,,,21703,FEW041,BKN170,BKN220,,None,25.4,100.0,,289,4.7,-2
2023-01-25 14:52:15,5.1,288,,0.7,-2,5.5,293,276.0,307.0,7.5,25.4,25.4,100.0,1007.8,1007.4,1007.4,10820,9999,9460,11530,,M,M,,,21490,BKN170,BKN220,,,None,25.4,100.0,,288,5.1,-2
2023-01-25 14:53:15,4.6,289,,0.7,-2,5.3,293,276.0,307.0,7.5,25.4,25.4,100.0,1007.8,1007.4,1007.3,10300,9999,9460,11530,,M,M,,,21309,BKN170,BKN220,,,None,25.4,100.0,,289,4.6,-2
2023-01-25 14:54:15,4.4,290,,0.8,-2,5.1,293,276.0,307.0,7.5,25.4,25.4,100.0,1007.8,1007.4,1007.3,10240,9999,9940,11530,,M,M,,,21194,BKN170,BKN220,,,None,25.4,100.0,,290,4.4,-2
2023-01-25 14:55:15,4.4,290,,0.8,-2,5.0,292,276.0,307.0,7.5,25.4,25.4,100.0,1007.8,1007.4,1007.3,9890,9999,9890,11530,,M,M,,,20768,BKN170,BKN210,,,None,25.4,100.0,,290,4.4,-2
2023-01-25 14:56:15,4.4,285,,0.4,-2,4.9,290,274.0,307.0,7.5,25.4,25.4,100.0,1007.8,1007.4,1007.3,10460,9999,9890,11530,,M,M,,,21064,BKN170,BKN210,,,None,25.4,100.0,,285,4.4,-2
2023-01-25 14:57:15,4.7,282,,0.2,-2,4.8,288,274.0,305.0,7.5,25.3,25.3,100.0,1007.8,1007.3,1007.3,10480,9999,9890,11530,,M,M,,,20915,BKN170,BKN210,,,None,25.3,100.0,,282,4.7,-2
2023-01-25 14:58:15,4.7,285,,0.4,-2,4.6,288,274.0,305.0,6.6,25.3,25.3,100.0,1007.8,1007.3,1007.3,10700,9999,9890,11040,,M,M,,,19965,BKN170,BKN210,,,None,25.3,100.0,,285,4.7,-2
2023-01-25 14:59:15,4.5,285,,0.4,-2,4.6,287,274.0,305.0,6.1,25.3,25.3,100.0,1007.8,1007.3,1007.2,10490,9999,9890,11040,,M,M,,,20129,SCT170,BKN210,,,None,25.3,100.0,,285,4.5,-2
2023-01-25 15:00:15,4.5,282,,0.2,-2,4.6,286,274.0,305.0,6.1,25.3,25.3,100.0,1007.8,1007.3,1007.2,10100,9999,9890,10820,,M,M,,,19621,SCT170,OVC210,,,None,25.3,100.0,,282,4.5,-2
2023-01-25 15:01:15,4.3,280,,0.1,-2,4.5,285,274.0,305.0,6.1,25.4,25.4,100.0,1007.5,1007.3,1007.2,9750,9999,9750,10820,,M,M,,,19523,SCT170,OVC210,,,None,25.4,100.0,,280,4.3,-2
2023-01-25 15:02:15,4.1,281,,0.1,-2,4.4,284,274.0,305.0,5.8,25.4,25.4,100.0,1007.5,1007.3,1007.2,9460,9999,9460,10700,,M,M,,,18867,SCT170,OVC210,,,None,25.4,100.0,,281,4.1,-2
2023-01-25 15:03:15,3.9,281,,0.1,-2,4.4,284,274.0,305.0,5.8,25.4,25.4,100.0,1007.8,1007.3,1007.2,9050,9999,9050,10700,,M,M,,,18391,SCT170,OVC210,,,None,25.4,100.0,,281,3.9,-2
2023-01-25 15:04:15,3.9,278,,0.1,-2,4.3,282,269.0,302.0,5.8,25.3,25.3,100.0,1007.8,1007.3,1007.2,8700,9000,8700,10700,,M,M,,,17982,SCT170,OVC210,,,BR,25.3,100.0,,278,3.9,-2
2023-01-25 15:05:15,3.9,272,,0.5,-2,4.3,280,262.0,293.0,5.8,25.3,25.3,100.0,1007.8,1007.3,1007.3,8780,9000,8700,10700,,M,M,,,18014,SCT180,OVC210,,,BR,25.3,100.0,,272,3.9,-2
2023-01-25 15:06:15,4.0,271,,0.6,-2,4.2,279,262.0,293.0,5.6,25.3,25.3,100.0,1007.8,1007.3,1007.3,8520,9000,8520,10700,,M,M,,,18112,SCT180,OVC210,,,BR,25.3,100.0,,271,4.0,-2
2023-01-25 15:07:15,3.7,270,,0.6,-2,4.1,278,262.0,293.0,5.3,25.2,25.2,100.0,1007.8,1007.3,1007.3,8770,9000,8520,10700,,M,M,,,18194,SCT180,OVC210,,,BR,25.2,100.0,,270,3.7,-2
2023-01-25 15:08:15,3.8,267,,0.9,-2,4.0,275,260.0,293.0,5.3,25.2,25.2,100.0,1007.8,1007.3,1007.3,8500,9000,8500,10490,,M,M,,,17867,SCT180,OVC210,,,BR,25.2,100.0,,267,3.8,-2
2023-01-25 15:09:15,3.9,265,,1.0,-2,4.0,274,260.0,291.0,5.3,25.2,25.2,100.0,1007.8,1007.3,1007.3,8440,8000,8440,10100,,M,M,,,17719,BKN180,OVC210,,,BR,25.2,100.0,,265,3.9,-2
2023-01-25 15:10:15,4.1,266,,1.0,-2,4.0,272,254.0,291.0,5.3,25.2,25.2,100.0,1007.8,1007.3,1007.3,8460,8000,8440,9750,,M,M,,,0,BKN180,BKN210,,,BR,25.2,100.0,,266,4.1,-2
2023-01-25 15:11:15,4.2,263,,1.2,-2,3.9,270,253.0,291.0,5.3,25.1,25.1,100.0,1007.5,1007.3,1007.2,8610,8000,8440,9460,,M,M,,,0,BKN180,BKN210,,,BR,25.1,100.0,,263,4.2,-2
2023-01-25 15:12:15,3.9,261,,1.3,-2,3.9,268,253.0,291.0,5.3,25.1,25.1,100.0,1007.5,1007.3,1007.2,7840,8000,7840,9050,,M,M,,,0,BKN180,BKN210,,,BR,25.1,100.0,,261,3.9,-2
2023-01-25 15:13:15,3.8,261,,1.2,-2,3.9,266,253.0,291.0,5.3,25.1,25.1,100.0,1007.5,1007.2,1007.2,8200,8000,7840,8780,,M,M,,,0,SCT180,BKN210,,,BR,25.1,100.0,,261,3.8,-2
2023-01-25 15:14:15,4.2,263,,1.2,-2,4.0,265,253.0,277.0,5.3,25.1,25.1,100.0,1007.5,1007.2,1007.2,7950,8000,7840,8780,,M,M,,,0,SCT180,BKN210,,,BR,25.1,100.0,,263,4.2,-2
2023-01-25 15:15:15,4.5,266,,1.1,-2,4.0,265,253.0,276.0,5.2,25.1,25.1,100.0,1007.5,1007.2,1007.2,8180,8000,7840,8770,,M,M,,,0,SCT180,BKN210,,,BR,25.1,100.0,,266,4.5,-2
2023-01-25 15:16:15,4.5,267,,1.0,-2,4.1,265,253.0,276.0,5.2,25.1,25.1,100.0,1007.5,1007.2,1007.1,8350,8000,7840,8770,,M,M,,,21407,SCT180,BKN210,,,BR,25.1,100.0,,267,4.5,-2
2023-01-25 15:17:15,4.9,267,,1.1,-2,4.3,265,253.0,270.0,6.0,25.1,25.1,100.0,1007.5,1007.2,1007.1,8220,8000,7840,8610,,M,M,,,0,SCT180,BKN210,,,BR,25.1,100.0,,267,4.9,-2
2023-01-25 15:18:15,5.5,269,,1.0,-2,4.4,265,253.0,271.0,6.3,25.0,25.0,100.0,1007.5,1007.2,1007.1,8210,8000,7840,8610,,M,M,,,0,SCT180,BKN210,,,BR,25.0,100.0,,269,5.5,-2
2023-01-25 15:19:15,5.8,269,,1.1,-2,4.6,265,253.0,271.0,6.3,25.0,25.0,100.0,1007.5,1007.2,1007.1,8090,8000,7840,8610,,M,M,,,0,FEW180,BKN210,,,BR,25.0,100.0,,269,5.8,-2
2023-01-25 15:20:15,5.7,268,,1.2,-2,4.8,265,253.0,271.0,6.4,25.0,25.0,100.0,1007.5,1007.2,1007.1,8230,8000,7840,8610,,M,M,,,0,FEW180,BKN210,,,BR,25.0,100.0,,268,5.7,-2
2023-01-25 15:21:15,5.2,266,,1.3,-2,4.8,266,255.0,271.0,6.4,25.0,25.0,100.0,1007.5,1007.2,1007.1,8370,8000,7840,8370,,M,M,,,0,FEW180,BKN210,,,BR,25.0,100.0,,266,5.2,-2
2023-01-25 15:22:15,4.6,262,,1.4,-2,4.9,266,255.0,271.0,6.4,25.0,25.0,100.0,1007.5,1007.2,1007.1,8500,8000,7950,8500,,M,M,,,0,FEW180,BKN210,,,BR,25.0,100.0,,262,4.6,-2
2023-01-25 15:23:15,4.5,256,,1.8,-2,5.0,265,246.0,271.0,6.4,25.0,25.0,100.0,1007.5,1007.2,1007.1,8740,8000,7950,8740,,M,M,,,20129,FEW180,BKN210,,,BR,25.0,100.0,,256,4.5,-2
2023-01-25 15:24:15,4.4,249,,2.3,-2,4.9,263,242.0,271.0,6.4,25.0,25.0,100.0,1007.5,1007.2,1007.1,8630,8000,8090,8740,,M,M,,,19883,FEW180,BKN200,BKN220,,BR,25.0,100.0,,249,4.4,-2
2023-01-25 15:25:15,3.8,244,,2.2,-2,4.8,260,227.0,271.0,6.4,25.0,25.0,100.0,1007.5,1007.1,1007.1,8820,8000,8090,8820,,M,M,,,20031,FEW180,BKN200,BKN220,,BR,25.0,100.0,,244,3.8,-2
2023-01-25 15:26:15,3.3,244,,1.9,-2,4.7,258,227.0,271.0,6.4,25.0,25.0,100.0,1007.5,1007.1,1007.1,8410,8000,8090,8820,,M,M,,,19982,FEW180,BKN200,BKN220,,BR,25.0,100.0,,244,3.3,-2
2023-01-25 15:27:15,3.2,247,,1.7,-2,4.5,256,227.0,271.0,6.4,25.0,25.0,100.0,1007.5,1007.1,1007.1,8130,8000,8090,8820,,M,M,,,19785,FEW180,BKN200,BKN220,,BR,25.0,100.0,,247,3.2,-2
2023-01-25 15:28:15,3.2,244,,1.9,-2,4.2,253,227.0,271.0,6.4,25.0,25.0,100.0,1007.5,1007.1,1007.0,8340,8000,8090,8820,,M,M,,,19522,FEW180,BKN200,BKN220,,BR,25.0,100.0,,244,3.2,-2
2023-01-25 15:29:15,3.6,242,,2.2,-2,4.1,251,227.0,271.0,6.4,25.0,25.0,100.0,1007.5,1007.1,1007.0,9010,8000,8130,9010,,M,M,,,19326,SCT180,BKN200,BKN220,,BR,25.0,100.0,,242,3.6,-2
2023-01-25 15:30:15,3.7,243,,2.2,-2,3.8,249,227.0,269.0,5.6,25.0,25.0,100.0,1007.5,1007.1,1007.0,9780,8000,8130,9780,,M,M,,,18883,SCT180,BKN200,BKN220,,BR,25.0,100.0,,243,3.7,-2
2023-01-25 15:31:15,3.5,244,,2.1,-2,3.7,247,227.0,262.0,5.0,25.0,25.0,100.0,1007.5,1007.1,1007.0,10120,8000,8130,10120,,M,M,,,18654,BKN200,BKN220,,,BR,25.0,100.0,,244,3.5,-2
2023-01-25 15:32:15,3.3,247,,1.8,-2,3.6,245,227.0,258.0,5.0,25.1,25.1,100.0,1007.5,1007.0,1007.0,10100,8000,8130,10120,,M,M,,,0,BKN200,BKN220,,,BR,25.1,100.0,,247,3.3,-2
2023-01-25 15:33:15,3.1,250,,1.5,-2,3.4,245,227.0,256.0,4.8,25.1,25.1,100.0,1007.5,1007.0,1007.0,10130,9000,8130,10130,,M,M,,,0,SCT180,BKN200,BKN220,,BR,25.1,100.0,,250,3.1,-2
2023-01-25 15:34:15,2.9,252,,1.4,-2,3.3,246,227.0,261.0,4.1,25.1,25.1,100.0,1007.5,1007.0,1007.0,10270,9000,8130,10270,,M,M,,,0,BKN200,BKN220,,,BR,25.1,100.0,,252,2.9,-2
2023-01-25 15:35:15,2.6,254,,1.1,-2,3.2,247,236.0,261.0,4.1,25.1,25.1,100.0,1007.5,1007.0,1007.0,10570,9000,8130,10570,,M,M,,,0,BKN200,BKN220,,,BR,25.1,100.0,,254,2.6,-2
2023-01-25 15:36:15,2.4,255,,1.0,-2,3.1,248,236.0,262.0,4.1,25.1,25.1,100.0,1007.5,1007.0,1007.0,9930,9000,8130,10570,,M,M,,,0,BKN200,SCT220,,,BR,25.1,100.0,,255,2.4,-2
2023-01-25 15:37:15,2.3,257,,0.9,-2,3.0,249,236.0,264.0,4.1,25.1,25.1,100.0,1007.5,1007.1,1007.0,9970,9000,8340,10570,,M,M,,,426,SCT200,,,,BR,25.1,100.0,,257,2.3,-2
2023-01-25 15:38:15,2.3,264,,0.6,-2,2.9,252,236.0,274.0,4.1,25.1,25.1,100.0,1007.5,1007.1,1007.0,9590,9000,9010,10570,,M,M,,,22539,SCT200,SCT230,,,BR,25.1,100.0,,264,2.3,-2
2023-01-25 15:39:15,2.4,268,,0.5,-2,2.8,255,236.0,274.0,4.1,25.1,25.1,100.0,1007.5,1007.1,1007.0,10290,9999,9590,10570,,M,M,,,22768,SCT200,SCT230,,,None,25.1,100.0,,268,2.4,-2
2023-01-25 15:40:15,2.2,268,,0.5,-2,2.6,257,236.0,274.0,3.8,25.1,25.1,100.0,1007.5,1007.1,1007.0,10360,9999,9590,10570,,M,M,,,23539,SCT200,SCT230,,,None,25.1,100.0,,268,2.2,-2
2023-01-25 15:41:15,2.1,267,,0.5,-2,2.5,259,243.0,274.0,3.5,25.1,25.1,100.0,1007.5,1007.1,1007.0,10910,9999,9590,10910,,M,M,,,0,SCT200,SCT230,,,None,25.1,100.0,,267,2.1,-2
2023-01-25 15:42:15,2.0,269,,0.4,-2,2.4,261,243.0,278.0,3.3,25.1,25.1,100.0,1007.5,1007.1,1007.0,10670,9999,9590,10910,,M,M,,,409,FEW004,SCT200,SCT230,,None,25.1,100.0,,269,2.0,-2
2023-01-25 15:43:15,2.0,275,,0.2,-2,2.3,264,243.0,281.0,3.3,25.1,25.1,100.0,1007.5,1007.1,1007.0,11370,9999,9590,11370,,M,M,,,0,FEW004,SCT200,SCT230,,None,25.1,100.0,,275,2.0,-2
2023-01-25 15:44:15,2.0,276,,0.1,-2,2.2,266,244.0,281.0,3.0,25.1,25.1,100.0,1007.5,1007.1,1007.0,11500,9999,9590,11500,,M,M,,,409,FEW004,SCT200,BKN230,,None,25.1,100.0,,276,2.0,-2
2023-01-25 15:45:15,2.1,279,,0.0,-2,2.2,269,250.0,290.0,3.0,25.2,25.2,100.0,1007.5,1007.0,1007.0,11810,9999,9590,11810,,M,M,,,0,FEW004,SCT200,BKN230,,None,25.2,100.0,,279,2.1,-2
2023-01-25 15:46:15,2.1,286,,0.2,-2,2.1,272,250.0,296.0,3.0,25.2,25.2,100.0,1007.5,1007.0,1007.0,12310,9999,9590,12310,,M,M,,,229,FEW004,SCT200,BKN230,,None,25.2,100.0,,286,2.1,-2
2023-01-25 15:47:15,2.0,283,,0.1,-2,2.1,274,256.0,296.0,3.0,25.3,25.3,100.0,1007.5,1007.0,1006.9,12280,9999,9590,12310,,M,M,,,0,FEW004,SCT200,BKN230,,None,25.3,100.0,,283,2.0,-2
2023-01-25 15:48:15,1.8,274,,0.2,-2,2.0,274,256.0,296.0,3.0,25.4,25.4,100.0,1007.5,1007.0,1006.9,12130,9999,10290,12310,,M,M,,,0,FEW004,SCT200,BKN230,,None,25.4,100.0,,274,1.8,-2
2023-01-25 15:49:15,1.8,269,,0.3,-2,2.0,274,256.0,296.0,2.7,25.4,25.4,100.0,1007.5,1007.0,1006.9,12180,9999,10360,12310,,M,M,,,13359,FEW004,SCT200,BKN230,,None,25.4,100.0,,269,1.8,-2
2023-01-25 15:50:15,2.1,265,,0.5,-2,2.0,274,252.0,296.0,2.7,25.4,25.4,100.0,1007.1,1006.9,1006.9,11900,9999,10670,12310,,M,M,,,29456,FEW004,SCT200,BKN230,,None,25.4,100.0,,265,2.1,-2
2023-01-25 15:51:15,2.2,257,,0.9,-2,2.0,273,247.0,296.0,2.7,25.4,25.4,100.0,1007.1,1006.9,1006.9,11520,9999,10670,12310,,M,M,,,29407,FEW004,SCT200,BKN230,,None,25.4,100.0,,257,2.2,-2
2023-01-25 15:52:15,2.2,254,,1.0,-2,2.0,271,247.0,296.0,2.6,25.4,25.4,100.0,1007.1,1006.9,1006.9,11540,9999,11370,12310,,M,M,,,29407,FEW004,SCT200,SCT230,,None,25.4,100.0,,254,2.2,-2
2023-01-25 15:53:15,2.4,259,,0.9,-2,2.1,269,247.0,296.0,2.7,25.4,25.4,100.0,1007.1,1006.9,1006.9,10890,9999,10890,12310,,M,M,,,29407,FEW004,SCT200,SCT230,,None,25.4,100.0,,259,2.4,-2
2023-01-25 15:54:15,2.4,262,,0.7,-2,2.1,268,247.0,296.0,2.8,25.3,25.3,100.0,1007.1,1006.9,1006.9,11100,9999,10890,12310,,M,M,,,29653,FEW004,SCT200,SCT230,,None,25.3,100.0,,262,2.4,-2
2023-01-25 15:55:15,2.5,262,,0.8,-2,2.2,266,247.0,296.0,3.2,25.3,25.3,100.0,1007.1,1006.9,1006.9,11220,9999,10890,12310,,M,M,,,29702,FEW004,SCT200,SCT230,,None,25.3,100.0,,262,2.5,-2
2023-01-25 15:56:15,2.7,264,,0.7,-2,2.3,263,247.0,291.0,3.2,25.2,25.2,100.0,1007.1,1006.9,1006.8,10640,9999,10640,12280,,M,M,,,29422,FEW004,SCT230,,,None,25.2,100.0,,264,2.7,-2
2023-01-25 15:57:15,2.8,263,,0.8,-2,2.3,262,247.0,286.0,3.2,25.2,25.2,100.0,1007.1,1006.9,1006.8,10030,9999,10030,12180,,M,M,,,30210,FEW004,SCT230,,,None,25.2,100.0,,263,2.8,-2
2023-01-25 15:58:15,2.9,258,,1.1,-2,2.5,260,247.0,286.0,3.2,25.2,25.2,100.0,1007.1,1006.8,1006.8,9740,9999,9740,12180,,M,M,,,30178,FEW004,,,,None,25.2,100.0,,258,2.9,-2
2023-01-25 15:59:15,2.9,257,,1.1,-2,2.6,259,247.0,286.0,3.2,25.2,25.2,100.0,1007.1,1006.8,1006.7,9210,9999,9210,11900,,M,M,,,29570,FEW004,,,,None,25.2,100.0,,257,2.9,-2
2023-01-25 16:00:15,2.9,255,,1.2,-2,2.6,259,247.0,286.0,3.2,25.2,25.2,100.0,1007.1,1006.8,1006.7,9530,9999,9210,11540,,M,M,,,0,FEW004,,,,None,25.2,100.0,,255,2.9,-2
2023-01-25 16:01:15,3.1,258,,1.2,-2,2.7,259,250.0,286.0,3.5,25.2,25.2,100.0,1007.1,1006.8,1006.7,9320,9999,9210,11540,,M,M,,,21145,FEW004,,,,None,25.2,100.0,,258,3.1,-2
2023-01-25 16:02:15,3.2,261,,1.0,-2,2.8,260,250.0,286.0,3.7,25.2,25.2,100.0,1007.1,1006.8,1006.7,9180,9999,9180,11220,,M,M,,,20867,FEW004,,,,None,25.2,100.0,,261,3.2,-2
2023-01-25 16:03:15,3.4,264,,0.9,-2,2.9,260,250.0,286.0,4.1,25.2,25.2,100.0,1007.1,1006.8,1006.7,9170,9000,9170,11220,,M,M,,,20801,FEW004,SCT230,,,BR,25.2,100.0,,264,3.4,-2
2023-01-25 16:04:15,3.4,264,,0.9,-2,3.0,261,250.0,286.0,4.1,25.2,25.2,100.0,1007.1,1006.7,1006.7,8570,9000,8570,11220,,M,M,,,20736,FEW004,SCT210,SCT230,,BR,25.2,100.0,,264,3.4,-2
2023-01-25 16:05:15,3.1,263,,0.9,-2,3.1,261,250.0,286.0,4.1,25.2,25.2,100.0,1007.1,1006.7,1006.7,8540,9000,8540,10640,,M,M,,,20801,FEW004,SCT210,SCT230,,BR,25.2,100.0,,263,3.1,-2
2023-01-25 16:06:15,2.7,260,,0.9,-2,3.0,260,243.0,270.0,4.1,25.1,25.1,100.0,1007.1,1006.7,1006.7,8410,9000,8410,10030,,M,M,,,20768,FEW004,SCT210,SCT230,,BR,25.1,100.0,,260,2.7,-2
2023-01-25 16:07:15,2.5,259,,0.9,-2,3.0,260,243.0,270.0,4.1,25.1,25.1,100.0,1007.1,1006.7,1006.7,7860,8000,7860,9740,,M,M,,,20720,FEW004,SCT210,SCT230,,BR,25.1,100.0,,259,2.5,-2
2023-01-25 16:08:15,2.7,262,,0.8,-2,3.0,261,243.0,270.0,4.1,25.0,25.0,100.0,1007.1,1006.7,1006.7,8950,8000,7860,9530,,M,M,,,20572,FEW004,SCT210,BKN230,,BR,25.0,100.0,,262,2.7,-2
2023-01-25 16:09:15,2.8,261,,0.9,-2,3.0,261,243.0,270.0,4.1,25.0,25.0,100.0,1007.1,1006.7,1006.7,8530,8000,7860,9530,,M,M,,,20506,FEW004,BKN210,BKN240,,BR,25.0,100.0,,261,2.8,-2
2023-01-25 16:10:15,2.9,259,,1.0,-2,3.0,261,243.0,270.0,4.1,25.0,25.0,100.0,1007.1,1006.7,1006.7,8920,8000,7860,9320,,M,M,,,20424,FEW004,BKN210,,,BR,25.0,100.0,,259,2.9,-2
2023-01-25 16:11:15,3.1,261,,1.0,-2,3.0,262,243.0,270.0,4.1,25.0,25.0,100.0,1007.1,1006.7,1006.6,9000,8000,7860,9180,,M,M,,,20457,FEW004,BKN210,,,BR,25.0,100.0,,261,3.1,-2
2023-01-25 16:12:15,3.2,262,,1.0,-2,3.0,262,243.0,270.0,4.1,25.0,25.0,100.0,1007.1,1006.7,1006.6,9030,8000,7860,9170,,M,M,,,20391,BKN210,,,,BR,25.0,100.0,,262,3.2,-2
2023-01-25 16:13:15,3.3,263,,1.0,-2,2.9,261,243.0,269.0,3.5,25.0,25.0,100.0,1007.1,1006.7,1006.6,8990,8000,7860,9030,,M,M,,,20424,BKN210,,,,BR,25.0,100.0,,263,3.3,-2
2023-01-25 16:14:15,3.4,266,,0.8,-2,3.0,262,243.0,270.0,3.7,25.0,25.0,100.0,1007.1,1006.7,1006.6,8700,8000,7860,9030,,M,M,,,21031,BKN210,,,,BR,25.0,100.0,,266,3.4,-2
2023-01-25 16:15:15,3.6,267,,0.8,-2,3.0,262,243.0,270.0,3.9,25.0,25.0,100.0,1007.1,1006.7,1006.6,8820,8000,7860,9030,,M,M,,,20456,BKN210,,,,BR,25.0,100.0,,267,3.6,-2
2023-01-25 16:16:15,3.9,270,,0.7,-2,3.2,264,258.0,274.0,4.1,25.0,25.0,100.0,1007.1,1006.7,1006.6,8710,8000,7860,9030,,M,M,,,20949,BKN210,,,,BR,25.0,100.0,,270,3.9,-2
2023-01-25 16:17:15,4.0,274,,0.4,-2,3.4,265,258.0,277.0,4.2,25.0,25.0,100.0,1007.1,1006.6,1006.6,8460,8000,8460,9030,,M,M,,,22424,BKN210,,,,BR,25.0,100.0,,274,4.0,-2
2023-01-25 16:18:15,4.0,277,,0.2,-2,3.5,267,258.0,282.0,4.2,25.0,25.0,100.0,1007.1,1006.6,1006.6,8400,8000,8400,9030,,M,M,,,22293,BKN210,BKN230,,,BR,25.0,100.0,,277,4.0,-2
2023-01-25 16:19:15,3.9,280,,0.1,-2,3.6,269,258.0,283.0,4.2,25.0,25.0,100.0,1007.1,1006.6,1006.6,8660,8000,8400,9030,,M,M,,,22293,BKN210,BKN230,,,BR,25.0,100.0,,280,3.9,-2
2023-01-25 16:20:15,3.7,282,,0.1,-2,3.6,271,260.0,295.0,4.2,24.9,24.9,100.0,1007.1,1006.6,1006.6,8930,8000,8400,9030,,M,M,,,23358,BKN210,BKN230,,,BR,24.9,100.0,,282,3.7,-2
2023-01-25 16:21:15,3.5,287,,0.4,-2,3.6,274,260.0,295.0,4.2,24.9,24.9,100.0,1007.1,1006.6,1006.6,9430,8000,8400,9430,,M,M,,,22195,BKN210,BKN230,,,BR,24.9,100.0,,287,3.5,-2
2023-01-25 16:22:15,3.3,288,,0.5,-2,3.7,277,263.0,295.0,4.2,25.0,25.0,100.0,1007.1,1006.6,1006.6,8990,8000,8400,9430,,M,M,,,22375,BKN210,BKN230,,,BR,25.0,100.0,,288,3.3,-2
2023-01-25 16:23:15,3.3,283,,0.2,-2,3.6,278,265.0,295.0,4.2,25.0,25.0,100.0,1007.1,1006.6,1006.6,8940,8000,8400,9430,,M,M,,,21801,BKN210,BKN230,,,BR,25.0,100.0,,283,3.3,-2
2023-01-25 16:24:15,3.2,279,,0.1,-2,3.6,279,266.0,295.0,4.2,25.1,25.1,100.0,1007.1,1006.7,1006.6,8980,8000,8400,9430,,M,M,,,21834,BKN210,BKN230,,,BR,25.1,100.0,,279,3.2,-2
2023-01-25 16:25:15,3.2,282,,0.1,-2,3.6,281,270.0,295.0,4.2,25.1,25.1,100.0,1007.1,1006.6,1006.6,9210,8000,8400,9430,,M,M,,,21752,BKN220,,,,BR,25.1,100.0,,282,3.2,-2
2023-01-25 16:26:15,3.1,283,,0.2,-2,3.5,282,273.0,295.0,4.2,25.2,25.2,100.0,1007.1,1006.6,1006.6,9340,8000,8400,9430,,M,M,,,24063,BKN220,BKN240,,,BR,25.2,100.0,,283,3.1,-2
2023-01-25 16:27:15,3.3,281,,0.1,-2,3.4,282,273.0,295.0,4.0,25.2,25.2,100.0,1006.8,1006.6,1006.5,8890,8000,8400,9430,,M,M,,,21555,BKN220,OVC240,,,BR,25.2,100.0,,281,3.3,-2
2023-01-25 16:28:15,3.3,279,,0.1,-2,3.3,282,273.0,295.0,3.9,25.2,25.2,100.0,1006.8,1006.6,1006.5,8740,9000,8660,9430,,M,M,,,21489,OVC220,,,,BR,25.2,100.0,,279,3.3,-2
2023-01-25 16:29:15,3.6,283,,0.2,-2,3.4,283,273.0,299.0,4.5,25.2,25.2,100.0,1006.8,1006.6,1006.5,8890,9000,8740,9430,,M,M,,,21473,OVC220,,,,BR,25.2,100.0,,283,3.6,-2
2023-01-25 16:30:15,3.9,287,,0.5,-2,3.4,283,273.0,299.0,4.5,25.2,25.2,100.0,1006.8,1006.6,1006.5,8550,8000,8550,9430,,M,M,,,21604,OVC220,,,,BR,25.2,100.0,,287,3.9,-2
2023-01-25 16:31:15,3.9,286,,0.4,-2,3.5,283,273.0,299.0,4.5,25.2,25.2,100.0,1006.8,1006.5,1006.5,8160,8000,8160,9340,,M,M,,,21473,OVC220,,,,BR,25.2,100.0,,286,3.9,-2
2023-01-25 16:32:15,4.0,287,,0.5,-2,3.5,283,273.0,299.0,4.5,25.2,25.2,100.0,1006.8,1006.5,1006.5,7830,8000,7830,9340,,M,M,,,14671,OVC220,,,,BR,25.2,100.0,,287,4.0,-2
2023-01-25 16:33:15,3.8,287,,0.5,-2,3.6,284,273.0,299.0,4.5,25.2,25.2,100.0,1006.8,1006.5,1006.5,7510,8000,7510,9340,,M,M,,,21243,FEW150,OVC220,,,BR,25.2,100.0,,287,3.8,-2
2023-01-25 16:34:15,3.6,286,,0.4,-2,3.6,285,273.0,300.0,4.5,25.2,25.2,100.0,1006.8,1006.5,1006.4,7210,8000,7210,9340,,M,M,,,21063,FEW150,OVC220,,,BR,25.2,100.0,,286,3.6,-2
2023-01-25 16:35:15,3.6,293,,0.8,-2,3.6,286,273.0,305.0,4.5,25.3,25.3,100.0,1006.8,1006.5,1006.4,7140,8000,7140,9340,,M,M,,,21047,FEW150,OVC220,,,BR,25.3,100.0,,293,3.6,-2
2023-01-25 16:36:15,3.7,294,,0.9,-2,3.7,287,274.0,305.0,4.5,25.3,25.3,100.0,1006.8,1006.5,1006.5,7090,7000,7090,8890,,M,M,,,21145,FEW150,OVC220,,,BR,25.3,100.0,,294,3.7,-2
2023-01-25 16:37:15,3.7,291,,0.7,-2,3.7,288,274.0,305.0,4.5,25.3,25.3,100.0,1006.8,1006.5,1006.5,7230,7000,7090,8890,,M,M,,,21097,FEW150,OVC220,,,BR,25.3,100.0,,291,3.7,-2
2023-01-25 16:38:15,3.6,290,,0.6,-2,3.7,289,276.0,305.0,4.5,25.3,25.3,100.0,1006.8,1006.5,1006.5,7250,7000,7090,8890,,M,M,,,21047,FEW150,OVC210,,,BR,25.3,100.0,,290,3.6,-2
2023-01-25 16:39:15,3.4,288,,0.5,-2,3.7,289,276.0,305.0,4.4,25.3,25.3,100.0,1006.8,1006.5,1006.5,7260,7000,7090,8550,,M,M,,,13490,FEW150,OVC210,,,BR,25.3,100.0,,288,3.4,-2
2023-01-25 16:40:15,3.3,286,,0.3,-2,3.6,289,276.0,305.0,4.4,25.3,25.3,100.0,1006.8,1006.5,1006.5,7000,7000,7000,8160,,M,M,,,17998,FEW150,OVC220,,,BR,25.3,100.0,,286,3.3,-2
2023-01-25 16:41:15,3.4,285,,0.3,-2,3.6,289,279.0,305.0,4.2,25.3,25.3,100.0,1006.8,1006.5,1006.5,7020,7000,7000,7830,,M,M,,,17818,FEW150,OVC220,,,BR,25.3,100.0,,285,3.4,-2
2023-01-25 16:42:15,3.4,284,,0.2,-2,3.5,288,279.0,305.0,4.2,25.3,25.3,100.0,1006.8,1006.5,1006.5,7000,7000,7000,7510,,M,M,,,19424,FEW150,OVC220,,,BR,25.3,100.0,,284,3.4,-2
2023-01-25 16:43:15,3.3,280,,0.1,-2,3.5,287,276.0,305.0,4.2,25.3,25.3,100.0,1006.8,1006.5,1006.5,6940,7000,6940,7260,,M,M,,,14654,FEW150,SCT180,OVC220,,BR,25.3,100.0,,280,3.3,-2
2023-01-25 16:44:15,3.3,276,,0.2,-2,3.4,286,272.0,305.0,4.2,25.3,25.3,100.0,1006.8,1006.5,1006.4,6890,7000,6890,7260,,M,M,,,21326,FEW150,SCT180,OVC220,,BR,25.3,100.0,,276,3.3,-2
2023-01-25 16:45:15,3.2,272,,0.4,-2,3.4,283,265.0,300.0,4.2,25.3,25.3,100.0,1006.8,1006.5,1006.4,6730,7000,6730,7260,,M,M,,,21310,FEW150,SCT180,OVC220,,BR,25.3,100.0,,272,3.2,-2
2023-01-25 16:46:15,3.0,265,,0.8,-2,3.3,280,257.0,296.0,4.1,25.3,25.3,100.0,1006.8,1006.5,1006.4,6670,6000,6670,7260,,M,M,,,21227,FEW150,SCT180,OVC220,,BR,25.3,100.0,,265,3.0,-2
2023-01-25 16:47:15,2.9,259,,1.0,-2,3.2,277,255.0,294.0,4.0,25.3,25.3,100.0,1006.8,1006.5,1006.4,6660,6000,6660,7260,,M,M,,,21096,FEW150,SCT180,OVC220,,BR,25.3,100.0,,259,2.9,-2
2023-01-25 16:48:15,3.0,255,,1.3,-2,3.2,273,251.0,294.0,3.7,25.2,25.2,100.0,1006.8,1006.4,1006.4,6840,6000,6660,7260,,M,M,,,21129,FEW150,SCT180,OVC220,,BR,25.2,100.0,,255,3.0,-2
2023-01-25 16:49:15,3.3,252,,1.5,-2,3.2,270,248.0,294.0,3.7,25.2,25.2,100.0,1006.8,1006.4,1006.4,6730,6000,6660,7020,,M,M,,,21277,FEW150,SCT180,OVC210,,BR,25.2,100.0,,252,3.3,-2
2023-01-25 16:50:15,3.2,251,,1.6,-2,3.2,266,244.0,294.0,3.7,25.2,25.2,100.0,1006.8,1006.4,1006.4,6660,6000,6660,7020,,M,M,,,21457,FEW150,SCT180,OVC210,,BR,25.2,100.0,,251,3.2,-2
2023-01-25 16:51:15,2.9,254,,1.3,-2,3.1,263,244.0,288.0,3.6,25.2,25.2,100.0,1006.8,1006.4,1006.4,6140,6000,6140,7020,,M,M,,,21670,FEW150,OVC210,,,BR,25.2,100.0,,254,2.9,-2
2023-01-25 16:52:15,2.9,254,,1.3,-2,3.1,260,244.0,281.0,3.6,25.2,25.2,100.0,1006.8,1006.4,1006.4,5950,6000,5950,6940,,M,M,,,21523,FEW150,OVC210,,,BR,25.2,100.0,,254,2.9,-2
2023-01-25 16:53:15,3.2,248,,1.7,-2,3.1,257,243.0,278.0,3.6,25.1,25.1,100.0,1006.8,1006.4,1006.3,5710,6000,5710,6890,,M,M,,,21506,FEW150,OVC210,,,BR,25.1,100.0,,248,3.2,-2
2023-01-25 16:54:15,3.4,250,,1.7,-2,3.1,255,243.0,274.0,3.7,25.1,25.1,100.0,1006.8,1006.4,1006.3,5630,6000,5630,6840,,M,M,,,23260,FEW150,OVC210,,,BR,25.1,100.0,,250,3.4,-2
2023-01-25 16:55:15,3.5,253,,1.6,-2,3.2,253,243.0,265.0,3.8,25.1,25.1,100.0,1006.8,1006.3,1006.3,5550,6000,5550,6840,,M,M,,,21817,FEW150,OVC210,,,BR,25.1,100.0,,253,3.5,-2
2023-01-25 16:56:15,3.7,252,,1.7,-2,3.3,253,242.0,260.0,3.9,25.0,25.0,100.0,1006.8,1006.3,1006.3,5400,6000,5400,6840,,M,M,,,21785,FEW150,OVC220,,,BR,25.0,100.0,,252,3.7,-2
2023-01-25 16:57:15,3.8,252,,1.8,-2,3.3,252,242.0,260.0,4.0,25.0,25.0,100.0,1006.8,1006.3,1006.3,5400,5000,5400,6840,,M,M,,,21096,FEW150,OVC210,,,BR,25.0,100.0,,252,3.8,-2
2023-01-25 16:58:15,3.8,259,,1.4,-2,3.4,253,242.0,271.0,4.0,25.0,25.0,100.0,1006.8,1006.3,1006.3,5330,5000,5330,6730,,M,M,,,21014,FEW150,OVC210,,,BR,25.0,100.0,,259,3.8,-2
2023-01-25 16:59:15,3.6,267,,0.8,-2,3.4,255,242.0,271.0,4.0,25.0,25.0,100.0,1006.8,1006.3,1006.3,5330,5000,5330,6660,,M,M,,,21080,FEW150,OVC210,,,BR,25.0,100.0,,267,3.6,-2
2023-01-25 17:00:15,3.6,267,,0.8,-2,3.5,256,242.0,271.0,4.0,25.0,25.0,100.0,1006.8,1006.3,1006.3,5400,5000,5330,6140,,M,M,,,21063,FEW150,OVC210,,,BR,25.0,100.0,,267,3.6,-2
2023-01-25 17:01:15,3.7,265,,1.0,-2,3.6,257,242.0,271.0,4.0,24.9,24.9,100.0,1006.8,1006.3,1006.3,5300,5000,5300,5950,,M,M,,,21145,FEW150,OVC210,,,BR,24.9,100.0,,265,3.7,-2
2023-01-25 17:02:15,3.7,267,,0.8,-2,3.6,259,242.0,271.0,4.0,24.9,24.9,100.0,1006.8,1006.3,1006.3,5380,5000,5300,5710,,M,M,,,21276,FEW150,OVC210,,,BR,24.9,100.0,,267,3.7,-2
2023-01-25 17:03:15,3.6,271,,0.6,-2,3.7,262,242.0,275.0,4.0,24.9,24.9,100.0,1006.8,1006.3,1006.3,5300,5000,5300,5630,,M,M,,,21326,FEW150,OVC210,,,BR,24.9,100.0,,271,3.6,-2
2023-01-25 17:04:15,3.5,272,,0.5,-2,3.7,264,242.0,278.0,4.0,24.9,24.9,100.0,1006.8,1006.3,1006.3,5140,5000,5140,5550,,M,M,,,26341,FEW150,BKN210,OVC230,,BR,24.9,100.0,,272,3.5,-2
2023-01-25 17:05:15,3.3,271,,0.5,-2,3.6,265,242.0,278.0,4.0,24.8,24.8,100.0,1006.8,1006.3,1006.3,5170,5000,5140,5400,,M,M,,,26555,FEW150,BKN210,BKN230,,BR,24.8,100.0,,271,3.3,-2
2023-01-25 17:06:15,2.9,269,,0.6,-2,3.5,267,244.0,278.0,4.0,24.8,24.8,100.0,1006.8,1006.3,1006.3,5240,5000,5140,5400,,M,M,,,26260,FEW150,BKN210,BKN230,,BR,24.8,100.0,,269,2.9,-2
2023-01-25 17:07:15,2.9,266,,0.7,-2,3.4,268,260.0,278.0,4.0,24.8,24.8,100.0,1006.8,1006.3,1006.3,5570,5000,5140,5570,,M,M,,,26342,FEW150,BKN210,,,BR,24.8,100.0,,266,2.9,-2
2023-01-25 17:08:15,3.1,265,,0.8,-2,3.4,268,256.0,278.0,4.2,24.8,24.8,100.0,1006.8,1006.3,1006.3,5710,5000,5140,5710,,M,M,,,26539,FEW150,BKN210,,,BR,24.8,100.0,,265,3.1,-2
2023-01-25 17:09:15,3.2,264,,0.9,-2,3.3,267,256.0,278.0,4.2,24.8,24.8,100.0,1006.8,1006.4,1006.3,5620,5000,5140,5710,,M,M,,,26850,BKN210,,,,BR,24.8,100.0,,264,3.2,-2
2023-01-25 17:10:15,3.2,263,,0.9,-2,3.3,267,256.0,278.0,4.2,24.8,24.8,100.0,1006.8,1006.4,1006.3,5730,5000,5140,5730,,M,M,,,27031,BKN210,,,,BR,24.8,100.0,,263,3.2,-2
2023-01-25 17:11:15,3.4,261,,1.1,-2,3.3,267,256.0,278.0,4.2,24.8,24.8,100.0,1006.8,1006.4,1006.3,6130,5000,5140,6130,,M,M,,,26965,BKN210,,,,BR,24.8,100.0,,261,3.4,-2
2023-01-25 17:12:15,3.4,259,,1.2,-2,3.3,266,256.0,278.0,4.2,24.8,24.8,100.0,1006.8,1006.4,1006.3,5880,5000,5140,6130,,M,M,,,13949,FEW140,BKN210,,,BR,24.8,100.0,,259,3.4,-2
2023-01-25 17:13:15,3.3,256,,1.3,-2,3.2,264,250.0,278.0,4.2,24.9,24.9,100.0,1006.8,1006.4,1006.3,5900,5000,5140,6130,,M,M,,,12982,FEW140,BKN210,,,BR,24.9,100.0,,256,3.3,-2
2023-01-25 17:14:15,3.0,256,,1.2,-2,3.1,262,250.0,275.0,4.2,24.9,24.9,100.0,1006.8,1006.4,1006.3,6160,5000,5170,6160,,M,M,,,13015,FEW130,BKN210,,,BR,24.9,100.0,,256,3.0,-2
2023-01-25 17:15:15,2.6,256,,1.1,-2,3.1,261,247.0,271.0,4.2,24.9,24.9,100.0,1006.8,1006.4,1006.3,6100,5000,5240,6160,,M,M,,,13031,FEW130,BKN210,,,BR,24.9,100.0,,256,2.6,-2
2023-01-25 17:16:15,2.4,256,,1.0,-2,3.0,260,247.0,271.0,4.2,24.9,24.9,100.0,1006.8,1006.4,1006.3,5930,5000,5570,6160,,M,M,,,13015,SCT130,BKN210,,,BR,24.9,100.0,,256,2.4,-2
2023-01-25 17:17:15,2.3,259,,0.8,-2,3.0,259,247.0,270.0,4.2,24.9,24.9,100.0,1006.8,1006.4,1006.3,5850,5000,5620,6160,,M,M,,,13015,SCT130,BKN210,,,BR,24.9,100.0,,259,2.3,-2
2023-01-25 17:18:15,2.3,262,,0.7,-2,2.9,259,247.0,267.0,3.7,24.9,24.9,100.0,1006.8,1006.3,1006.3,6030,5000,5620,6160,,M,M,,,12966,SCT130,BKN210,,,BR,24.9,100.0,,262,2.3,-2
2023-01-25 17:19:15,2.6,264,,0.7,-2,2.8,259,247.0,267.0,3.7,24.9,24.9,100.0,1006.8,1006.3,1006.3,6000,5000,5730,6160,,M,M,,,12949,SCT130,BKN220,,,BR,24.9,100.0,,264,2.6,-2
2023-01-25 17:20:15,2.9,266,,0.7,-2,2.8,260,247.0,271.0,3.6,24.9,24.9,100.0,1006.8,1006.3,1006.3,6020,5000,5850,6160,,M,M,,,12966,SCT130,BKN220,,,BR,24.9,100.0,,266,2.9,-2
2023-01-25 17:21:15,3.2,267,,0.7,-2,2.8,261,247.0,271.0,3.6,24.9,24.9,100.0,1006.8,1006.3,1006.3,5980,5000,5850,6160,,M,M,,,12999,BKN130,BKN210,,,BR,24.9,100.0,,267,3.2,-2
2023-01-25 17:22:15,3.4,266,,0.8,-2,2.8,261,247.0,271.0,3.6,24.9,24.9,100.0,1006.8,1006.3,1006.3,6070,6000,5850,6160,,M,M,,,13015,BKN130,BKN210,,,BR,24.9,100.0,,266,3.4,-2
2023-01-25 17:23:15,3.4,265,,0.9,-2,2.8,262,247.0,271.0,3.7,24.9,24.9,100.0,1006.8,1006.3,1006.3,6170,6000,5850,6170,,M,M,,,13031,BKN130,BKN210,,,BR,24.9,100.0,,265,3.4,-2
2023-01-25 17:24:15,3.4,263,,1.0,-2,2.9,263,247.0,271.0,3.7,24.9,24.9,100.0,1006.8,1006.3,1006.3,6140,6000,5850,6170,,M,M,,,13031,BKN130,BKN210,,,BR,24.9,100.0,,263,3.4,-2
2023-01-25 17:25:15,3.5,263,,1.0,-2,3.0,264,250.0,271.0,3.7,24.9,24.9,100.0,1006.8,1006.3,1006.3,6310,6000,5850,6310,,M,M,,,13015,BKN130,BKN210,,,BR,24.9,100.0,,263,3.5,-2
2023-01-25 17:26:15,3.6,263,,1.1,-2,3.1,264,257.0,271.0,3.9,24.9,24.9,100.0,1006.8,1006.3,1006.2,6240,6000,5850,6310,,M,M,,,12966,BKN130,BKN210,,,BR,24.9,100.0,,263,3.6,-2
2023-01-25 17:27:15,3.6,263,,1.1,-2,3.3,264,259.0,271.0,3.9,24.9,24.9,100.0,1006.4,1006.2,1006.2,6320,6000,5980,6320,,M,M,,,12933,BKN130,BKN210,,,BR,24.9,100.0,,263,3.6,-2
2023-01-25 17:28:15,3.8,261,,1.2,-2,3.4,264,256.0,271.0,4.3,24.9,24.9,100.0,1006.4,1006.2,1006.2,6410,6000,5980,6410,,M,M,,,30063,BKN130,BKN210,,,BR,24.9,100.0,,261,3.8,-2
2023-01-25 17:29:15,4.2,260,,1.4,-2,3.6,264,256.0,271.0,4.6,24.9,24.9,100.0,1006.4,1006.2,1006.1,6450,6000,5980,6450,,M,M,,,30588,BKN130,BKN210,,,BR,24.9,100.0,,260,4.2,-2
2023-01-25 17:30:15,4.4,260,,1.5,-2,3.7,263,256.0,268.0,4.6,24.9,24.9,100.0,1006.4,1006.2,1006.1,6170,6000,5980,6450,,M,M,,,30555,BKN130,BKN210,,,BR,24.9,100.0,,260,4.4,-2
2023-01-25 17:31:15,4.4,258,,1.6,-2,3.8,262,250.0,268.0,4.8,24.9,24.9,100.0,1006.4,1006.1,1006.1,6020,6000,6020,6450,,M,M,,,30703,BKN130,BKN210,,,BR,24.9,100.0,,258,4.4,-2
2023-01-25 17:32:15,4.2,256,,1.7,-2,3.9,261,250.0,266.0,4.8,24.9,24.9,100.0,1006.4,1006.1,1006.1,6140,6000,6020,6450,,M,M,,,30817,BKN130,BKN210,,,BR,24.9,100.0,,256,4.2,-2
2023-01-25 17:33:15,4.1,255,,1.7,-2,4.0,260,249.0,266.0,4.8,24.8,24.8,100.0,1006.4,1006.1,1006.1,6150,6000,6020,6450,,M,M,,,30735,BKN130,,,,BR,24.8,100.0,,255,4.1,-2
2023-01-25 17:34:15,4.0,256,,1.6,-2,4.0,259,249.0,266.0,4.8,24.8,24.8,100.0,1006.4,1006.1,1006.1,5930,6000,5930,6450,,M,M,,,30849,BKN130,,,,BR,24.8,100.0,,256,4.0,-2
2023-01-25 17:35:15,3.5,256,,1.4,-2,4.0,258,249.0,266.0,4.8,24.8,24.8,100.0,1006.4,1006.1,1006.1,5880,6000,5880,6450,,M,M,,,31013,BKN130,,,,BR,24.8,100.0,,256,3.5,-2
2023-01-25 17:36:15,3.6,257,,1.4,-2,4.0,258,249.0,266.0,4.8,24.8,24.8,100.0,1006.4,1006.1,1006.1,5900,6000,5880,6450,,M,M,,,23276,SCT130,SCT230,,,BR,24.8,100.0,,257,3.6,-2
2023-01-25 17:37:15,3.7,257,,1.4,-2,4.0,257,249.0,263.0,4.8,24.8,24.8,100.0,1006.4,1006.1,1006.1,5460,6000,5460,6450,,M,M,,,23162,SCT130,BKN230,,,BR,24.8,100.0,,257,3.7,-2
2023-01-25 17:38:15,3.6,256,,1.5,-2,4.0,257,249.0,262.0,4.8,24.8,24.8,100.0,1006.4,1006.1,1006.1,5520,5000,5460,6450,,M,M,,,27407,SCT130,BKN230,,,BR,24.8,100.0,,256,3.6,-2
2023-01-25 17:39:15,3.5,254,,1.5,-2,3.9,256,249.0,262.0,4.8,24.8,24.8,100.0,1006.4,1006.1,1006.1,5600,5000,5460,6170,,M,M,,,31243,SCT130,BKN230,,,BR,24.8,100.0,,254,3.5,-2
2023-01-25 17:40:15,3.4,251,,1.6,-2,3.8,255,243.0,262.0,4.8,24.7,24.7,100.0,1006.4,1006.1,1006.1,5810,5000,5460,6150,,M,M,,,31817,SCT130,BKN230,,,BR,24.7,100.0,,251,3.4,-2
2023-01-25 17:41:15,3.4,248,,1.8,-2,3.7,254,243.0,262.0,4.7,24.7,24.7,100.0,1006.4,1006.1,1006.1,5560,5000,5460,6150,,M,M,,,31390,SCT130,BKN230,,,BR,24.7,100.0,,248,3.4,-2
2023-01-25 17:42:15,3.5,248,,1.9,-2,3.6,254,243.0,262.0,4.7,24.7,24.7,100.0,1006.4,1006.1,1006.1,5780,5000,5460,6150,,M,M,,,31226,SCT130,BKN230,,,BR,24.7,100.0,,248,3.5,-2
2023-01-25 17:43:15,3.4,248,,1.8,-2,3.5,253,238.0,262.0,4.2,24.7,24.7,100.0,1006.4,1006.1,1006.1,5930,5000,5460,5930,,M,M,,,30898,SCT130,BKN230,,,BR,24.7,100.0,,248,3.4,-2
2023-01-25 17:44:15,3.3,248,,1.7,-2,3.5,252,238.0,260.0,4.1,24.7,24.7,100.0,1006.4,1006.1,1006.1,5690,5000,5460,5930,,M,M,,,23080,SCT130,BKN230,,,BR,24.7,100.0,,248,3.3,-2
2023-01-25 17:45:15,3.4,249,,1.8,-2,3.5,251,238.0,260.0,4.3,24.7,24.7,100.0,1006.4,1006.1,1006.1,5950,5000,5460,5950,,M,M,,,23195,SCT130,BKN230,,,BR,24.7,100.0,,249,3.4,-2
2023-01-25 17:46:15,3.6,249,,1.9,-2,3.5,250,238.0,260.0,4.3,24.7,24.7,100.0,1006.4,1006.1,1006.0,6120,5000,5460,6120,,M,M,,,23178,SCT130,BKN230,,,BR,24.7,100.0,,249,3.6,-2
2023-01-25 17:47:15,3.5,246,,2.0,-2,3.5,249,238.0,260.0,4.3,24.7,24.7,100.0,1006.4,1006.1,1006.0,6160,5000,5520,6160,,M,M,,,22227,SCT130,BKN230,,,BR,24.7,100.0,,246,3.5,-2
2023-01-25 17:48:15,3.6,242,,2.2,-2,3.5,247,236.0,260.0,4.4,24.7,24.7,100.0,1006.4,1006.1,1006.0,6280,5000,5560,6280,,M,M,,,22227,FEW130,BKN230,,,BR,24.7,100.0,,242,3.6,-2
2023-01-25 17:49:15,3.7,242,,2.3,-2,3.5,246,236.0,260.0,4.4,24.7,24.7,100.0,1006.4,1006.1,1006.0,6370,5000,5560,6370,,M,M,,,22227,FEW130,BKN230,,,BR,24.7,100.0,,242,3.7,-2
2023-01-25 17:50:15,3.9,240,,2.5,-2,3.6,245,231.0,260.0,4.5,24.7,24.7,100.0,1006.4,1006.1,1006.0,6430,6000,5560,6430,,M,M,,,0,FEW130,BKN230,,,BR,24.7,100.0,,240,3.9,-2
2023-01-25 17:51:15,3.9,240,,2.5,-2,3.6,245,231.0,260.0,4.5,24.7,24.7,100.0,1006.4,1006.0,1006.0,6550,6000,5690,6550,,M,M,,,0,FEW130,BKN230,,,BR,24.7,100.0,,240,3.9,-2
2023-01-25 17:52:15,3.9,241,,2.5,-2,3.7,244,231.0,260.0,4.7,24.7,24.7,100.0,1006.4,1006.0,1006.0,6650,6000,5690,6650,,M,M,,,0,FEW130,BKN230,,,BR,24.7,100.0,,241,3.9,-2
2023-01-25 17:53:15,4.0,240,,2.6,-2,3.7,243,231.0,260.0,4.7,24.7,24.7,100.0,1006.4,1006.0,1005.9,6790,6000,5690,6790,,M,M,,,0,FEW130,SCT230,,,BR,24.7,100.0,,240,4.0,-2
2023-01-25 17:54:15,4.0,242,,2.5,-2,3.8,243,231.0,260.0,4.7,24.8,24.8,100.0,1006.4,1006.0,1005.9,6670,6000,5950,6790,,M,M,,,0,FEW130,SCT230,,,BR,24.8,100.0,,242,4.0,-2
2023-01-25 17:55:15,4.0,240,,2.6,-2,3.8,241,231.0,254.0,4.7,24.8,24.8,100.0,1006.4,1006.0,1005.9,6640,6000,6120,6790,,M,M,,,0,SCT230,,,,BR,24.8,100.0,,240,4.0,-2
2023-01-25 17:56:15,4.0,238,,2.7,-2,3.9,240,231.0,251.0,4.7,24.8,24.8,100.0,1006.4,1005.9,1005.9,6560,6000,6160,6790,,M,M,,,0,SCT230,,,,BR,24.8,100.0,,238,4.0,-2
2023-01-25 17:57:15,4.1,237,,2.8,-2,3.9,240,231.0,251.0,4.7,24.8,24.8,100.0,1006.4,1005.9,1005.9,6600,6000,6280,6790,,M,M,,,22080,SCT220,,,,BR,24.8,100.0,,237,4.1,-2
2023-01-25 17:58:15,4.1,235,,2.9,-2,4.0,239,230.0,248.0,4.7,24.8,24.8,100.0,1006.1,1005.9,1005.9,6730,6000,6370,6790,,M,M,,,22030,SCT220,,,,BR,24.8,100.0,,235,4.1,-2
2023-01-25 17:59:15,4.1,233,,3.0,-2,4.0,238,229.0,248.0,4.7,24.8,24.8,100.0,1006.1,1005.9,1005.9,6750,6000,6430,6790,,M,M,,,22047,SCT220,,,,BR,24.8,100.0,,233,4.1,-2
2023-01-25 18:00:15,4.4,232,,3.3,-2,4.1,238,226.0,248.0,5.4,24.8,24.8,100.0,1006.1,1005.9,1005.8,6680,6000,6550,6790,,M,M,,,22063,SCT220,,,,BR,24.8,100.0,,232,4.4,-2
2023-01-25 18:01:15,4.7,230,,3.6,-2,4.2,236,224.0,246.0,5.7,24.9,24.9,100.0,1006.1,1005.9,1005.8,6870,6000,6560,6870,,M,M,,,0,SCT220,,,,BR,24.9,100.0,,230,4.7,-2
2023-01-25 18:02:15,4.6,228,,3.6,-2,4.2,235,224.0,246.0,5.7,24.9,24.9,100.0,1006.1,1005.9,1005.8,6410,6000,6410,6870,,M,M,,,0,SCT220,,,,BR,24.9,100.0,,228,4.6,-2
2023-01-25 18:03:15,4.7,229,,3.7,-2,4.3,234,224.0,246.0,5.7,24.9,24.9,100.0,1006.1,1005.8,1005.8,6500,6000,6410,6870,,M,M,,,0,SCT220,,,,BR,24.9,100.0,,229,4.7,-2
2023-01-25 18:04:15,4.8,231,,3.6,-2,4.4,233,224.0,247.0,5.8,24.9,24.9,100.0,1006.1,1005.8,1005.8,6530,6000,6410,6870,,M,M,,,0,SCT220,,,,BR,24.9,100.0,,231,4.8,-2
2023-01-25 18:05:15,4.7,233,,3.4,-2,4.5,232,224.0,247.0,5.9,24.9,24.9,100.0,1006.1,1005.8,1005.7,6470,6000,6410,6870,,M,M,,,0,SCT220,,,,BR,24.9,100.0,,233,4.7,-2
2023-01-25 18:06:15,5.1,234,,3.7,-2,4.6,232,224.0,247.0,6.2,24.9,24.9,100.0,1006.1,1005.8,1005.7,6260,6000,6260,6870,,M,M,,,0,SCT220,,,,BR,24.9,100.0,,234,5.1,-2
2023-01-25 18:07:15,5.5,235,,3.9,-2,4.7,232,224.0,247.0,6.3,24.9,24.9,100.0,1006.1,1005.7,1005.7,6610,6000,6260,6870,,M,M,,,0,SCT220,,,,BR,24.9,100.0,,235,5.5,-2
2023-01-25 18:08:15,5.6,237,,3.8,-2,4.9,232,224.0,247.0,7.4,24.9,24.9,100.0,1006.1,1005.7,1005.7,6500,6000,6260,6870,,M,M,,,6491,SCT220,,,,BR,24.9,100.0,,237,5.6,-2
2023-01-25 18:09:15,5.6,237,,3.8,-2,5.0,233,224.0,248.0,7.4,24.9,24.9,100.0,1006.1,1005.7,1005.6,6380,6000,6260,6870,,M,M,,,6458,SCT220,,,,BR,24.9,100.0,,237,5.6,-2
2023-01-25 18:10:15,5.5,237,,3.8,-2,5.1,233,224.0,248.0,7.4,25.0,25.0,100.0,1006.1,1005.7,1005.6,6100,6000,6100,6870,,M,M,,,6606,FEW065,SCT220,,,BR,25.0,100.0,,237,5.5,-2
2023-01-25 18:11:15,5.7,237,,3.9,-2,5.2,234,224.0,248.0,7.6,25.0,25.0,100.0,1006.1,1005.6,1005.6,6130,6000,6100,6610,,M,M,,,6196,FEW065,SCT220,,,BR,25.0,100.0,,237,5.7,-2
2023-01-25 18:12:15,5.8,239,,3.8,-2,5.4,235,226.0,249.0,7.6,25.0,25.0,100.0,1006.1,1005.6,1005.5,6360,6000,6100,6610,,M,M,,,0,FEW065,SCT220,,,BR,25.0,100.0,,239,5.8,-2
2023-01-25 18:13:15,6.3,242,,3.9,-2,5.6,237,226.0,249.0,7.7,25.0,25.0,100.0,1005.8,1005.6,1005.5,6260,6000,6100,6610,,M,M,,,0,FEW065,SCT220,,,BR,25.0,100.0,,242,6.3,-2
2023-01-25 18:14:15,6.3,244,,3.7,-2,5.7,238,228.0,252.0,7.7,25.0,25.0,100.0,1005.8,1005.6,1005.5,6460,6000,6100,6610,,M,M,,,0,FEW065,SCT220,,,BR,25.0,100.0,,244,6.3,-2
2023-01-25 18:15:15,5.9,243,,3.6,-2,5.8,239,228.0,252.0,7.7,25.0,25.0,100.0,1005.8,1005.5,1005.5,6310,6000,6100,6610,,M,M,,,0,FEW065,SCT220,,,BR,25.0,100.0,,243,5.9,-2
2023-01-25 18:16:15,5.8,244,,3.4,-2,5.8,240,228.0,252.0,7.7,25.0,25.0,100.0,1005.8,1005.5,1005.5,6170,6000,6100,6610,,M,M,,,0,FEW065,SCT220,,,BR,25.0,100.0,,244,5.8,-2
2023-01-25 18:17:15,5.5,245,,3.2,-2,5.8,241,228.0,252.0,7.7,25.0,25.0,100.0,1005.8,1005.5,1005.5,6150,6000,6100,6500,,M,M,,,21162,FEW065,SCT220,,,BR,25.0,100.0,,245,5.5,-2
2023-01-25 18:18:15,5.8,244,,3.4,-2,5.9,241,228.0,252.0,7.7,25.0,25.0,100.0,1005.8,1005.5,1005.4,6410,6000,6100,6460,,M,M,,,21145,FEW065,SCT220,,,BR,25.0,100.0,,244,5.8,-2
2023-01-25 18:19:15,5.9,241,,3.7,-2,5.9,242,228.0,252.0,7.7,24.9,24.9,100.0,1005.8,1005.5,1005.4,6490,6000,6100,6490,,M,M,,,21096,FEW065,SCT220,,,BR,24.9,100.0,,241,5.9,-2
2023-01-25 18:20:15,5.9,238,,3.9,-2,5.9,242,230.0,252.0,7.7,24.9,24.9,100.0,1005.8,1005.5,1005.4,6540,6000,6130,6540,,M,M,,,21096,FEW065,SCT210,,,BR,24.9,100.0,,238,5.9,-2
2023-01-25 18:21:15,5.8,236,,4.0,-2,5.9,241,229.0,252.0,7.7,24.9,24.9,100.0,1005.8,1005.4,1005.4,6810,6000,6150,6810,,M,M,,,0,FEW065,SCT210,,,BR,24.9,100.0,,236,5.8,-2
2023-01-25 18:22:15,5.4,233,,3.9,-2,5.8,241,229.0,252.0,7.7,24.9,24.9,100.0,1005.8,1005.4,1005.4,6360,6000,6150,6810,,M,M,,,21146,FEW065,SCT210,,,BR,24.9,100.0,,233,5.4,-2
2023-01-25 18:23:15,5.1,233,,3.7,-2,5.6,240,229.0,252.0,7.6,25.0,25.0,100.0,1005.8,1005.4,1005.3,6460,6000,6150,6810,,M,M,,,21195,FEW065,SCT210,,,BR,25.0,100.0,,233,5.1,-2
2023-01-25 18:24:15,4.7,234,,3.4,-2,5.5,239,229.0,252.0,7.6,25.0,25.0,100.0,1005.8,1005.4,1005.3,6550,6000,6150,6810,,M,M,,,21195,FEW065,SCT210,,,BR,25.0,100.0,,234,4.7,-2
2023-01-25 18:25:15,4.7,235,,3.4,-2,5.4,238,229.0,251.0,7.6,25.0,25.0,100.0,1005.8,1005.4,1005.3,6160,6000,6150,6810,,M,M,,,21195,FEW065,BKN210,,,BR,25.0,100.0,,235,4.7,-2
2023-01-25 18:26:15,4.4,238,,2.9,-2,5.2,238,229.0,251.0,7.2,24.9,24.9,100.0,1005.8,1005.4,1005.3,6440,6000,6150,6810,,M,M,,,21194,FEW065,BKN210,,,BR,24.9,100.0,,238,4.4,-2
2023-01-25 18:27:15,4.0,245,,2.3,-2,5.1,238,229.0,255.0,7.2,24.9,24.9,100.0,1005.8,1005.4,1005.3,6310,6000,6160,6810,,M,M,,,30684,FEW065,BKN210,,,BR,24.9,100.0,,245,4.0,-2
2023-01-25 18:28:15,4.0,248,,2.1,-2,4.9,239,229.0,261.0,7.2,24.9,24.9,100.0,1005.8,1005.3,1005.3,6500,6000,6160,6810,,M,M,,,6032,FEW065,BKN210,,,BR,24.9,100.0,,248,4.0,-2
2023-01-25 18:29:15,4.3,250,,2.1,-2,4.8,240,229.0,261.0,7.2,24.9,24.9,100.0,1005.8,1005.3,1005.3,6530,6000,6160,6810,,M,M,,,30407,FEW065,BKN210,,,BR,24.9,100.0,,250,4.3,-2
2023-01-25 18:30:15,4.3,249,,2.2,-2,4.6,241,229.0,261.0,6.4,24.9,24.9,100.0,1005.8,1005.3,1005.3,6360,6000,6160,6810,,M,M,,,21145,FEW065,BKN210,,,BR,24.9,100.0,,249,4.3,-2
2023-01-25 18:31:15,4.3,250,,2.1,-2,4.5,243,229.0,261.0,6.4,24.9,24.9,100.0,1005.8,1005.3,1005.3,6270,6000,6160,6550,,M,M,,,21064,FEW065,BKN210,,,BR,24.9,100.0,,250,4.3,-2
2023-01-25 18:32:15,4.2,253,,1.9,-2,4.3,245,230.0,261.0,5.7,24.9,24.9,100.0,1005.8,1005.3,1005.2,6180,6000,6160,6550,,M,M,,,31259,FEW065,BKN210,,,BR,24.9,100.0,,253,4.2,-2
2023-01-25 18:33:15,4.0,252,,1.9,-2,4.3,246,231.0,261.0,5.7,24.9,24.9,100.0,1005.8,1005.3,1005.2,6060,6000,6060,6550,,M,M,,,31587,FEW065,BKN210,,,BR,24.9,100.0,,252,4.0,-2
2023-01-25 18:34:15,4.0,250,,2.0,-2,4.2,248,231.0,261.0,5.7,24.8,24.8,100.0,1005.8,1005.3,1005.2,6310,6000,6060,6530,,M,M,,,31833,FEW065,SCT210,,,BR,24.8,100.0,,250,4.0,-2
2023-01-25 18:35:15,4.0,249,,2.1,-2,4.1,249,239.0,261.0,5.7,24.8,24.8,100.0,1005.4,1005.2,1005.2,6130,6000,6060,6530,,M,M,,,0,FEW065,SCT210,,,BR,24.8,100.0,,249,4.0,-2
2023-01-25 18:36:15,4.1,245,,2.4,-2,4.1,249,238.0,261.0,5.7,24.8,24.8,100.0,1005.4,1005.2,1005.2,6160,6000,6060,6530,,M,M,,,0,FEW065,SCT210,,,BR,24.8,100.0,,245,4.1,-2
2023-01-25 18:37:15,4.2,242,,2.6,-2,4.2,248,238.0,261.0,5.7,24.7,24.7,100.0,1005.4,1005.2,1005.1,6180,6000,6060,6530,,M,M,,,0,FEW065,SCT210,,,BR,24.7,100.0,,242,4.2,-2
2023-01-25 18:38:15,4.2,241,,2.6,-2,4.2,248,234.0,256.0,5.7,24.7,24.7,100.0,1005.4,1005.2,1005.1,6240,6000,6060,6530,,M,M,,,21621,FEW065,SCT210,,,BR,24.7,100.0,,241,4.2,-2
2023-01-25 18:39:15,4.2,241,,2.6,-2,4.1,247,234.0,256.0,5.1,24.7,24.7,100.0,1005.4,1005.1,1005.1,6150,6000,6060,6360,,M,M,,,21604,FEW065,SCT210,,,BR,24.7,100.0,,241,4.2,-2
2023-01-25 18:40:15,4.1,244,,2.4,-2,4.1,246,234.0,256.0,5.0,24.7,24.7,100.0,1005.4,1005.1,1005.1,6060,6000,6060,6310,,M,M,,,21588,SCT210,,,,BR,24.7,100.0,,244,4.1,-2
2023-01-25 18:41:15,4.1,246,,2.3,-2,4.1,246,234.0,256.0,5.0,24.7,24.7,100.0,1005.4,1005.1,1005.1,6040,6000,6040,6310,,M,M,,,21588,SCT220,,,,BR,24.7,100.0,,246,4.1,-2
2023-01-25 18:42:15,4.1,251,,2.0,-2,4.1,246,234.0,261.0,5.0,24.7,24.7,100.0,1005.4,1005.1,1005.1,6330,6000,6040,6330,,M,M,,,21587,SCT220,,,,BR,24.7,100.0,,251,4.1,-2
2023-01-25 18:43:15,3.9,254,,1.7,-2,4.1,246,234.0,261.0,5.0,24.7,24.7,100.0,1005.4,1005.1,1005.1,5850,6000,5850,6330,,M,M,,,21555,BKN220,,,,BR,24.7,100.0,,254,3.9,-2
2023-01-25 18:44:15,3.7,254,,1.6,-2,4.0,247,234.0,261.0,5.0,24.7,24.7,100.0,1005.4,1005.1,1005.1,5960,6000,5850,6330,,M,M,,,21539,BKN220,,,,BR,24.7,100.0,,254,3.7,-2
2023-01-25 18:45:15,3.6,253,,1.6,-2,4.0,247,234.0,261.0,5.0,24.6,24.6,100.0,1005.4,1005.1,1005.1,6460,6000,5850,6460,,M,M,,,0,BKN220,,,,BR,24.6,100.0,,253,3.6,-2
2023-01-25 18:46:15,3.5,255,,1.5,-2,3.9,249,234.0,261.0,5.0,24.6,24.6,100.0,1005.4,1005.1,1005.0,6290,6000,5850,6460,,M,M,,,491,BKN220,,,,BR,24.6,100.0,,255,3.5,-2
2023-01-25 18:47:15,3.6,254,,1.6,-2,3.9,250,234.0,261.0,5.0,24.6,24.6,100.0,1005.4,1005.1,1005.0,6730,6000,5850,6730,,M,M,,,475,FEW005,BKN220,,,BR,24.6,100.0,,254,3.6,-2
2023-01-25 18:48:15,3.8,252,,1.8,-2,3.8,251,239.0,261.0,5.0,24.6,24.6,100.0,1005.4,1005.1,1005.0,6600,6000,5850,6730,,M,M,,,458,FEW005,BKN220,,,BR,24.6,100.0,,252,3.8,-2
2023-01-25 18:49:15,4.3,255,,1.8,-2,3.9,253,240.0,263.0,5.4,24.6,24.6,100.0,1005.4,1005.1,1005.0,6600,6000,5850,6730,,M,M,,,475,FEW005,BKN220,,,BR,24.6,100.0,,255,4.3,-2
2023-01-25 18:50:15,4.6,258,,1.7,-2,3.9,254,240.0,263.0,5.4,24.6,24.6,100.0,1005.4,1005.0,1005.0,6750,6000,5850,6750,,M,M,,,458,FEW005,BKN220,,,BR,24.6,100.0,,258,4.6,-2
2023-01-25 18:51:15,4.6,261,,1.5,-2,4.0,256,242.0,269.0,5.4,24.6,24.6,100.0,1005.4,1005.0,1005.0,6610,6000,5850,6750,,M,M,,,491,SCT005,BKN220,,,BR,24.6,100.0,,261,4.6,-2
2023-01-25 18:52:15,5.1,266,,1.2,-2,4.2,257,242.0,271.0,6.4,24.6,24.6,100.0,1005.4,1005.0,1005.0,6340,6000,5850,6750,,M,M,,,475,SCT005,BKN220,,,BR,24.6,100.0,,266,5.1,-2
2023-01-25 18:53:15,5.9,270,,1.0,-2,4.4,259,242.0,272.0,7.1,24.6,24.6,100.0,1005.4,1005.0,1005.0,6460,6000,5960,6750,,M,M,,,491,SCT005,BKN220,,,BR,24.6,100.0,,270,5.9,-2
2023-01-25 18:54:15,5.8,271,,0.9,-2,4.6,261,242.0,283.0,7.2,24.5,24.5,100.0,1005.4,1005.0,1005.0,6130,6000,6130,6750,,M,M,,,0,SCT005,BKN220,,,BR,24.5,100.0,,271,5.8,-2
2023-01-25 18:55:15,5.5,276,,0.4,-2,4.8,263,242.0,288.0,7.3,24.5,24.5,100.0,1005.4,1005.0,1004.9,6200,6000,6130,6750,,M,M,,,23572,SCT005,BKN220,BKN240,,BR,24.5,100.0,,276,5.5,-2
2023-01-25 18:56:15,5.1,279,,0.1,-2,4.9,266,242.0,288.0,7.3,24.5,24.5,100.0,1005.4,1005.0,1004.9,6190,6000,6130,6750,,M,M,,,23555,SCT005,BKN220,BKN240,,BR,24.5,100.0,,279,5.1,-2
2023-01-25 18:57:15,4.7,280,,0.1,-2,5.0,268,245.0,288.0,7.3,24.5,24.5,100.0,1005.4,1005.0,1005.0,5750,6000,5750,6750,,M,M,,,23523,SCT005,BKN220,BKN240,,BR,24.5,100.0,,280,4.7,-2
2023-01-25 18:58:15,4.8,282,,0.2,-2,5.1,271,252.0,288.0,7.3,24.5,24.5,100.0,1005.4,1005.0,1005.0,5860,6000,5750,6750,,M,M,,,23473,SCT005,BKN220,BKN240,,BR,24.5,100.0,,282,4.8,-2
2023-01-25 18:59:15,5.0,284,,0.3,-2,5.1,274,255.0,288.0,7.3,24.6,24.6,100.0,1005.4,1005.0,1005.0,5710,6000,5710,6750,,M,M,,,23260,SCT005,BKN220,BKN240,,BR,24.6,100.0,,284,5.0,-2
2023-01-25 19:00:15,5.2,283,,0.3,-2,5.2,276,259.0,288.0,7.3,24.6,24.6,100.0,1005.4,1005.1,1005.0,5890,6000,5710,6610,,M,M,,,23423,SCT005,BKN220,BKN240,,BR,24.6,100.0,,283,5.2,-2
2023-01-25 19:01:15,5.5,278,,0.2,-2,5.3,278,267.0,288.0,7.3,24.6,24.6,100.0,1005.4,1005.1,1005.0,6160,6000,5710,6460,,M,M,,,23375,SCT005,BKN230,,,BR,24.6,100.0,,278,5.5,-2
2023-01-25 19:02:15,5.1,277,,0.3,-2,5.2,278,267.0,288.0,7.3,24.7,24.7,100.0,1005.4,1005.1,1005.0,6320,6000,5710,6460,,M,M,,,23211,FEW005,BKN230,,,BR,24.7,100.0,,277,5.1,-2
2023-01-25 19:03:15,4.4,280,,0.1,-2,5.0,280,267.0,288.0,7.3,24.7,24.7,100.0,1005.4,1005.1,1005.0,6280,6000,5710,6320,,M,M,,,23096,FEW005,BKN230,,,BR,24.7,100.0,,280,4.4,-2
2023-01-25 19:04:15,4.1,281,,0.1,-2,4.9,280,272.0,288.0,7.3,24.7,24.7,100.0,1005.4,1005.1,1005.1,6520,6000,5710,6520,,M,M,,,23080,FEW005,BKN230,,,BR,24.7,100.0,,281,4.1,-2
2023-01-25 19:05:15,4.0,279,,0.1,-2,4.7,280,272.0,288.0,6.6,24.7,24.7,100.0,1005.4,1005.1,1005.1,6800,6000,5710,6800,,M,M,,,23014,FEW005,BKN230,,,BR,24.7,100.0,,279,4.0,-2
2023-01-25 19:06:15,4.1,277,,0.2,-2,4.7,280,272.0,288.0,6.6,24.7,24.7,100.0,1005.4,1005.2,1005.1,6720,6000,5710,6800,,M,M,,,0,FEW005,BKN230,,,BR,24.7,100.0,,277,4.1,-2
2023-01-25 19:07:15,4.4,275,,0.4,-2,4.7,279,272.0,288.0,6.6,24.7,24.7,100.0,1005.4,1005.2,1005.1,6650,6000,5710,6800,,M,M,,,22850,FEW005,BKN230,,,BR,24.7,100.0,,275,4.4,-2
2023-01-25 19:08:15,4.5,274,,0.5,-2,4.6,278,268.0,288.0,6.6,24.7,24.7,100.0,1005.4,1005.2,1005.1,6680,6000,5710,6800,,M,M,,,22883,FEW005,BKN230,,,BR,24.7,100.0,,274,4.5,-2
2023-01-25 19:09:15,4.4,271,,0.7,-2,4.5,277,264.0,288.0,6.6,24.7,24.7,100.0,1005.4,1005.2,1005.1,6650,6000,5890,6800,,M,M,,,0,FEW005,BKN230,,,BR,24.7,100.0,,271,4.4,-2
2023-01-25 19:10:15,4.2,270,,0.7,-2,4.4,276,264.0,288.0,6.6,24.7,24.7,100.0,1005.4,1005.2,1005.1,6570,6000,6160,6800,,M,M,,,23080,FEW005,BKN230,,,BR,24.7,100.0,,270,4.2,-2
2023-01-25 19:11:15,4.1,271,,0.6,-2,4.3,275,264.0,288.0,5.3,24.7,24.7,100.0,1005.4,1005.2,1005.1,6430,6000,6280,6800,,M,M,,,0,FEW005,BKN230,,,BR,24.7,100.0,,271,4.1,-2
2023-01-25 19:12:15,4.1,272,,0.6,-2,4.2,275,264.0,288.0,5.3,24.7,24.7,100.0,1005.4,1005.1,1005.1,6350,6000,6280,6800,,M,M,,,0,FEW005,BKN230,,,BR,24.7,100.0,,272,4.1,-2
2023-01-25 19:13:15,4.1,275,,0.4,-2,4.2,274,264.0,288.0,5.3,24.6,24.6,100.0,1005.4,1005.1,1005.1,6240,6000,6240,6800,,M,M,,,0,FEW005,BKN230,,,BR,24.6,100.0,,275,4.1,-2
2023-01-25 19:14:15,4.1,275,,0.4,-2,4.2,274,264.0,288.0,5.3,24.6,24.6,100.0,1005.4,1005.1,1005.0,6330,6000,6240,6800,,M,M,,,23178,FEW005,BKN230,,,BR,24.6,100.0,,275,4.1,-2
2023-01-25 19:15:15,4.2,275,,0.4,-2,4.2,273,264.0,282.0,5.3,24.6,24.6,100.0,1005.4,1005.1,1005.0,6110,6000,6110,6720,,M,M,,,23359,FEW005,BKN230,,,BR,24.6,100.0,,275,4.2,-2
2023-01-25 19:16:15,4.3,276,,0.3,-2,4.2,273,264.0,283.0,5.3,24.6,24.5,100.0,1005.4,1005.1,1005.0,6150,6000,6110,6680,,M,M,,,23309,FEW005,BKN230,,,BR,24.6,100.0,,276,4.3,-2
2023-01-25 19:17:15,4.5,275,,0.4,-2,4.3,273,264.0,283.0,5.4,24.5,24.5,100.0,1005.4,1005.0,1005.0,6390,6000,6110,6680,,M,M,,,0,FEW005,BKN230,,,BR,24.5,100.0,,275,4.5,-2
2023-01-25 19:18:15,4.8,272,,0.7,-2,4.3,273,264.0,283.0,5.4,24.5,24.5,100.0,1005.4,1005.0,1005.0,6390,6000,6110,6650,,M,M,,,0,FEW005,BKN230,,,BR,24.5,100.0,,272,4.8,-2
2023-01-25 19:19:15,4.9,271,,0.8,-2,4.4,273,268.0,283.0,5.4,24.5,24.5,100.0,1005.4,1005.0,1005.0,6230,6000,6110,6570,,M,M,,,0,FEW005,BKN230,,,BR,24.5,100.0,,271,4.9,-2
2023-01-25 19:20:15,4.6,271,,0.7,-2,4.4,273,268.0,283.0,5.4,24.6,24.6,100.0,1005.4,1005.0,1005.0,6080,6000,6080,6430,,M,M,,,5605,FEW005,BKN230,,,BR,24.6,100.0,,271,4.6,-2
2023-01-25 19:21:15,4.2,271,,0.7,-2,4.4,273,268.0,283.0,5.4,24.6,24.6,100.0,1005.4,1005.0,1005.0,5870,6000,5870,6430,,M,M,,,23342,FEW005,BKN230,,,BR,24.6,100.0,,271,4.2,-2
2023-01-25 19:22:15,3.9,271,,0.6,-2,4.3,273,266.0,283.0,5.4,24.6,24.6,100.0,1005.4,1005.0,1005.0,5820,6000,5820,6390,,M,M,,,5229,FEW055,BKN230,,,BR,24.6,100.0,,271,3.9,-2
2023-01-25 19:23:15,3.7,268,,0.8,-2,4.3,272,266.0,283.0,5.4,24.6,24.6,100.0,1005.4,1005.1,1005.0,5940,6000,5820,6390,,M,M,,,23654,FEW055,BKN230,,,BR,24.6,100.0,,268,3.7,-2
2023-01-25 19:24:15,3.8,267,,0.9,-2,4.3,271,263.0,283.0,5.4,24.5,24.5,100.0,1005.4,1005.1,1005.0,5770,6000,5770,6390,,M,M,,,23489,FEW055,BKN230,,,BR,24.5,100.0,,267,3.8,-2
2023-01-25 19:25:15,3.9,266,,0.9,-2,4.2,270,261.0,283.0,5.4,24.5,24.5,100.0,1005.4,1005.1,1005.0,5690,6000,5690,6390,,M,M,,,23063,FEW055,BKN230,,,BR,24.5,100.0,,266,3.9,-2
2023-01-25 19:26:15,3.9,263,,1.1,-2,4.2,269,260.0,273.0,5.4,24.5,24.5,100.0,1005.4,1005.1,1005.0,5780,5000,5690,6390,,M,M,,,23309,FEW055,BKN230,,,BR,24.5,100.0,,263,3.9,-2
2023-01-25 19:27:15,4.0,258,,1.5,-2,4.1,267,251.0,273.0,5.2,24.5,24.5,100.0,1005.4,1005.1,1005.0,5800,5000,5690,6390,,M,M,,,23226,FEW055,BKN230,,,BR,24.5,100.0,,258,4.0,-2
2023-01-25 19:28:15,4.2,252,,2.0,-2,4.1,265,249.0,273.0,5.2,24.5,24.5,100.0,1005.4,1005.1,1005.0,5720,5000,5690,6230,,M,M,,,23080,FEW055,BKN230,,,BR,24.5,100.0,,252,4.2,-2
2023-01-25 19:29:15,4.1,248,,2.2,-2,4.0,262,242.0,273.0,4.5,24.5,24.5,100.0,1005.4,1005.1,1005.0,5700,5000,5690,6080,,M,M,,,23014,FEW055,BKN230,,,BR,24.5,100.0,,248,4.1,-2
2023-01-25 19:30:15,3.8,245,,2.2,-2,3.9,260,242.0,273.0,4.4,24.5,24.5,100.0,1005.4,1005.1,1005.1,5840,5000,5690,5940,,M,M,,,22981,FEW055,BKN230,,,BR,24.5,100.0,,245,3.8,-2
2023-01-25 19:31:15,3.7,244,,2.2,-2,3.9,257,242.0,272.0,4.4,24.5,24.5,100.0,1005.4,1005.1,1005.1,5820,5000,5690,5940,,M,M,,,22899,FEW050,BKN230,,,BR,24.5,100.0,,244,3.7,-2
2023-01-25 19:32:15,3.8,242,,2.3,-2,3.9,254,240.0,269.0,4.4,24.5,24.5,100.0,1005.4,1005.2,1005.1,5600,5000,5600,5940,,M,M,,,22849,FEW050,BKN230,,,BR,24.5,100.0,,242,3.8,-2
2023-01-25 19:33:15,3.9,241,,2.5,-2,3.9,251,240.0,269.0,4.4,24.5,24.5,100.0,1005.4,1005.2,1005.1,5400,5000,5400,5840,,M,M,,,22834,FEW050,BKN230,,,BR,24.5,100.0,,241,3.9,-2
2023-01-25 19:34:15,3.8,242,,2.3,-2,3.9,249,240.0,267.0,4.4,24.5,24.5,100.0,1005.4,1005.2,1005.1,5260,5000,5260,5840,,M,M,,,22850,FEW055,BKN230,,,BR,24.5,100.0,,242,3.8,-2
2023-01-25 19:35:15,3.8,242,,2.3,-2,3.9,246,240.0,265.0,4.4,24.5,24.5,100.0,1005.4,1005.2,1005.2,5140,5000,5140,5840,,M,M,,,22866,FEW055,BKN230,,,BR,24.5,100.0,,242,3.8,-2
2023-01-25 19:36:15,3.9,239,,2.6,-2,3.9,244,228.0,259.0,4.4,24.5,24.5,100.0,1005.4,1005.2,1005.2,5480,5000,5140,5840,,M,M,,,22834,FEW055,BKN230,,,BR,24.5,100.0,,239,3.9,-2
2023-01-25 19:37:15,3.7,234,,2.7,-2,3.8,242,227.0,253.0,4.4,24.5,24.5,100.0,1005.4,1005.2,1005.2,5710,5000,5140,5840,,M,M,,,22916,FEW055,BKN230,,,BR,24.5,100.0,,234,3.7,-2
2023-01-25 19:38:15,3.7,232,,2.7,-2,3.8,240,227.0,248.0,4.2,24.5,24.5,100.0,1005.4,1005.2,1005.2,6020,5000,5140,6020,,M,M,,,22899,FEW055,BKN230,,,BR,24.5,100.0,,232,3.7,-2
2023-01-25 19:39:15,3.9,232,,2.9,-2,3.8,239,227.0,246.0,4.2,24.5,24.5,100.0,1005.4,1005.3,1005.2,6130,5000,5140,6130,,M,M,,,22932,FEW055,BKN230,,,BR,24.5,100.0,,232,3.9,-2
2023-01-25 19:40:15,4.0,234,,2.9,-2,3.8,238,227.0,245.0,4.2,24.5,24.5,100.0,1005.8,1005.3,1005.2,6000,5000,5140,6130,,M,M,,,22965,FEW055,BKN230,,,BR,24.5,100.0,,234,4.0,-2
2023-01-25 19:41:15,4.1,237,,2.8,-2,3.9,237,227.0,244.0,4.3,24.6,24.6,100.0,1005.8,1005.3,1005.2,6040,5000,5140,6130,,M,M,,,22998,FEW055,BKN230,,,BR,24.6,100.0,,237,4.1,-2
2023-01-25 19:42:15,4.1,239,,2.7,-2,3.9,237,227.0,244.0,4.3,24.6,24.6,100.0,1005.8,1005.3,1005.2,6040,5000,5140,6130,,M,M,,,22981,FEW055,OVC230,,,BR,24.6,100.0,,239,4.1,-2
2023-01-25 19:43:15,4.0,240,,2.6,-2,3.9,237,227.0,244.0,4.3,24.6,24.6,100.0,1005.8,1005.3,1005.2,6110,5000,5140,6130,,M,M,,,3655,FEW047,OVC230,,,BR,24.6,100.0,,240,4.0,-2
2023-01-25 19:44:15,4.0,242,,2.5,-2,3.9,237,227.0,249.0,4.3,24.5,24.5,100.0,1005.8,1005.3,1005.2,6160,5000,5140,6160,,M,M,,,4081,FEW043,OVC230,,,BR,24.5,100.0,,242,4.0,-2
2023-01-25 19:45:15,4.0,242,,2.5,-2,3.9,237,227.0,249.0,4.3,24.5,24.5,100.0,1005.8,1005.3,1005.2,6180,5000,5480,6180,,M,M,,,3245,FEW043,OVC230,,,BR,24.5,100.0,,242,4.0,-2
2023-01-25 19:46:15,3.9,241,,2.5,-2,3.9,238,227.0,249.0,4.3,24.5,24.5,100.0,1005.8,1005.3,1005.2,6420,6000,5710,6420,,M,M,,,2540,SCT040,OVC230,,,BR,24.5,100.0,,241,3.9,-2
2023-01-25 19:47:15,3.9,240,,2.5,-1,4.0,238,230.0,249.0,4.3,24.5,24.5,100.0,1005.8,1005.3,1005.2,6470,6000,6000,6470,,M,M,,,3163,SCT038,OVC230,,,BR,24.5,100.0,,240,3.9,-1
2023-01-25 19:48:15,3.9,237,,2.7,-2,4.0,239,230.0,249.0,4.3,24.6,24.6,100.0,1005.8,1005.3,1005.2,6200,6000,6000,6470,,M,M,,,426,SCT038,OVC230,,,BR,24.6,100.0,,237,3.9,-2
2023-01-25 19:49:15,3.9,233,,2.9,-2,4.0,238,229.0,249.0,4.3,24.6,24.6,100.0,1005.4,1005.3,1005.2,5870,6000,5870,6470,,M,M,,,409,FEW004,SCT038,OVC230,,BR,24.6,100.0,,233,3.9,-2
2023-01-25 19:50:15,4.0,230,,3.1,-2,4.0,238,227.0,249.0,4.4,24.6,24.6,100.0,1005.4,1005.3,1005.2,5430,6000,5430,6470,,M,M,,,24522,FEW004,SCT038,OVC230,,BR,24.6,100.0,,230,4.0,-2
2023-01-25 19:51:15,3.8,226,,3.1,-2,3.9,236,220.0,249.0,4.4,24.6,24.6,100.0,1005.4,1005.3,1005.2,5350,6000,5350,6470,,M,M,,,24653,FEW004,SCT036,OVC230,,BR,24.6,100.0,,226,3.8,-2
2023-01-25 19:52:15,3.7,224,,3.1,-2,3.9,235,220.0,249.0,4.4,24.6,24.6,100.0,1005.4,1005.3,1005.2,5280,5000,5280,6470,,M,M,,,24604,FEW004,SCT034,OVC230,,BR,24.6,100.0,,224,3.7,-2
2023-01-25 19:53:15,4.1,225,,3.4,-2,3.9,233,220.0,249.0,4.5,24.5,24.5,100.0,1005.4,1005.3,1005.2,5390,5000,5280,6470,,M,M,,,23243,FEW004,SCT034,OVC230,,BR,24.5,100.0,,225,4.1,-2
2023-01-25 19:54:15,4.3,229,,3.3,-1,3.9,232,220.0,245.0,4.5,24.5,24.5,100.0,1005.4,1005.3,1005.2,5140,5000,5140,6470,,M,M,,,885,FEW004,SCT034,BKN230,OVC250,BR,24.5,100.0,,229,4.3,-1
2023-01-25 19:55:15,4.2,233,,3.1,-2,4.0,231,220.0,245.0,4.5,24.5,24.5,100.0,1005.4,1005.2,1005.2,5140,5000,5140,6470,,M,M,,,1442,FEW004,SCT029,BKN230,OVC250,BR,24.5,100.0,,233,4.2,-2
2023-01-25 19:56:15,4.2,238,,2.8,-2,4.0,232,220.0,245.0,4.7,24.5,24.5,100.0,1005.4,1005.2,1005.2,5500,5000,5140,6470,,M,M,,,2180,FEW004,SCT027,BKN230,OVC250,BR,24.5,100.0,,238,4.2,-2
2023-01-25 19:57:15,4.6,242,,2.8,-2,4.1,232,220.0,247.0,5.4,24.5,24.5,100.0,1005.4,1005.3,1005.2,5170,5000,5140,6200,,M,M,,,25014,FEW004,SCT027,BKN230,OVC250,BR,24.5,100.0,,242,4.6,-2
2023-01-25 19:58:15,5.0,247,,2.7,-2,4.2,233,220.0,253.0,6.1,24.5,24.5,100.0,1005.8,1005.3,1005.2,5100,5000,5100,5870,,M,M,,,721,FEW004,SCT023,BKN230,OVC250,BR,24.5,100.0,,247,5.0,-2
2023-01-25 19:59:15,4.9,253,,2.3,-1,4.3,236,220.0,260.0,6.1,24.5,24.5,100.0,1005.8,1005.3,1005.2,5180,5000,5100,5500,,M,M,,,934,FEW004,SCT021,BKN230,OVC250,BR,24.5,100.0,,253,4.9,-1
2023-01-25 20:00:15,4.7,257,,1.8,-1,4.4,239,220.0,265.0,6.1,24.5,24.5,100.0,1005.8,1005.3,1005.2,4920,5000,4920,5500,,M,M,,,672,SCT019,BKN230,OVC250,,BR,24.5,100.0,,257,4.7,-1
2023-01-25 20:01:15,5.0,262,,1.5,-2,4.6,243,221.0,268.0,6.2,24.5,24.5,100.0,1005.8,1005.3,1005.2,4750,5000,4750,5500,,M,M,,,2245,SCT019,BKN230,OVC250,,BR,24.5,100.0,,262,5.0,-2
2023-01-25 20:02:15,5.4,265,,1.4,-2,4.7,247,225.0,268.0,6.2,24.5,24.5,100.0,1005.8,1005.3,1005.2,4670,5000,4670,5500,,M,M,,,1213,SCT019,BKN230,OVC250,,BR,24.5,100.0,,265,5.4,-2
2023-01-25 20:03:15,5.6,265,,1.4,-2,4.9,251,227.0,268.0,6.2,24.4,24.4,100.0,1005.8,1005.3,1005.2,4500,4900,4500,5500,,M,M,,,803,SCT017,BKN230,OVC250,,BR,24.4,100.0,,265,5.6,-2
2023-01-25 20:04:15,5.8,266,,1.4,-2,5.0,255,232.0,268.0,6.3,24.4,24.4,100.0,1005.8,1005.3,1005.3,4370,4900,4370,5500,,M,M,,,1704,BKN017,BKN230,OVC250,,BR,24.4,100.0,,266,5.8,-2
2023-01-25 20:05:15,5.8,267,,1.3,-2,5.2,258,238.0,268.0,6.3,24.4,24.4,100.0,1005.8,1005.3,1005.3,4310,4800,4310,5500,,M,M,,,999,BKN017,BKN230,OVC250,,BR,24.4,100.0,,267,5.8,-2
2023-01-25 20:06:15,5.7,267,,1.3,-2,5.3,260,238.0,269.0,6.3,24.3,24.3,100.0,1005.8,1005.3,1005.3,4340,4700,4310,5180,,M,M,,,1344,BKN017,BKN230,OVC250,,BR,24.3,100.0,,267,5.7,-2
2023-01-25 20:07:15,5.8,268,,1.2,-2,5.4,263,248.0,270.0,6.3,24.3,24.3,100.0,1005.8,1005.3,1005.3,4390,4600,4310,5180,,M,M,,,1917,BKN017,BKN230,OVC250,,BR,24.3,100.0,,268,5.8,-2
2023-01-25 20:08:15,5.8,268,,1.2,-1,5.5,265,248.0,270.0,6.5,24.3,24.3,100.0,1005.8,1005.3,1005.3,4360,4500,4310,5180,,M,M,,,1163,BKN017,BKN230,OVC250,,BR,24.3,100.0,,268,5.8,-1
2023-01-25 20:09:15,6.0,268,,1.2,-1,5.6,266,254.0,270.0,6.5,24.3,24.3,100.0,1005.8,1005.3,1005.3,4190,4400,4190,4920,,M,M,,,1508,BKN017,BKN230,OVC250,,BR,24.3,100.0,,268,6.0,-1
2023-01-25 20:10:15,6.2,268,,1.3,-2,5.8,267,262.0,271.0,7.0,24.3,24.3,100.0,1005.8,1005.3,1005.3,4140,4300,4140,4750,,M,M,,,1426,BKN017,BKN230,OVC250,,BR,24.3,100.0,,268,6.2,-2
2023-01-25 20:11:15,6.4,270,,1.1,-1,5.9,267,264.0,272.0,7.2,24.3,24.3,100.0,1005.8,1005.3,1005.3,4240,4300,4140,4670,,M,M,,,1704,BKN017,BKN230,OVC250,,BR,24.3,100.0,,270,6.4,-1
2023-01-25 20:12:15,6.6,270,,1.1,-2,6.0,268,265.0,272.0,7.5,24.3,24.3,100.0,1005.8,1005.3,1005.3,4110,4200,4110,4500,,M,M,,,22227,FEW005,BKN017,OVC230,,BR,24.3,100.0,,270,6.6,-2
2023-01-25 20:13:15,6.9,270,,1.2,-1,6.2,268,265.0,272.0,7.5,24.3,24.3,100.0,1005.8,1005.3,1005.2,4160,4200,4110,4390,,M,M,,,22244,FEW005,BKN015,OVC220,,BR,24.3,100.0,,270,6.9,-1
2023-01-25 20:14:15,6.8,269,,1.3,-1,6.2,269,265.0,272.0,7.5,24.3,24.3,100.0,1005.8,1005.3,1005.2,4180,4200,4110,4390,,M,M,,,22440,FEW005,BKN015,OVC230,,BR,24.3,100.0,,269,6.8,-1
2023-01-25 20:15:15,6.5,267,,1.5,-1,6.3,269,264.0,272.0,7.5,24.3,24.3,100.0,1005.8,1005.3,1005.2,4160,4200,4110,4390,,M,M,,,22129,FEW005,BKN015,OVC220,,BR,24.3,100.0,,267,6.5,-1
2023-01-25 20:16:15,6.2,266,,1.5,-2,6.3,268,262.0,272.0,7.5,24.3,24.3,100.0,1005.8,1005.3,1005.2,4120,4200,4110,4390,,M,M,,,22096,FEW005,BKN015,OVC220,,BR,24.3,100.0,,266,6.2,-2
2023-01-25 20:17:15,6.2,266,,1.5,-2,6.4,268,262.0,272.0,7.5,24.3,24.3,100.0,1005.8,1005.3,1005.2,4110,4100,4110,4360,,M,M,,,22113,BKN013,BKN220,OVC250,,BR,24.3,100.0,,266,6.2,-2
2023-01-25 20:18:15,6.6,267,,1.5,-1,6.5,268,262.0,272.0,7.5,24.3,24.3,100.0,1005.4,1005.3,1005.2,3910,4100,3910,4240,,M,M,,,672,BKN013,BKN220,OVC250,,BR,24.3,100.0,,267,6.6,-1
2023-01-25 20:19:15,7.0,268,,1.5,-1,6.6,268,262.0,272.0,7.5,24.3,24.3,100.0,1005.4,1005.2,1005.2,3870,4000,3870,4240,,M,M,,,1098,BKN013,BKN220,OVC250,,BR,24.3,100.0,,268,7.0,-1
2023-01-25 20:20:15,7.3,268,,1.5,-2,6.7,268,262.0,272.0,7.9,24.3,24.3,100.0,1005.4,1005.2,1005.2,3960,4000,3870,4240,,M,M,,,442,BKN013,BKN220,OVC250,,BR,24.3,100.0,,268,7.3,-2
2023-01-25 20:21:15,7.5,269,,1.4,-2,6.8,268,262.0,271.0,7.9,24.3,24.3,100.0,1005.4,1005.2,1005.2,3870,4000,3870,4180,,M,M,,,426,FEW005,BKN013,OVC220,,BR,24.3,100.0,,269,7.5,-2
2023-01-25 20:22:15,7.5,272,,1.0,-2,6.9,268,262.0,275.0,8.1,24.3,24.3,100.0,1005.4,1005.3,1005.2,3910,4000,3870,4180,,M,M,,,1147,FEW005,BKN013,OVC220,,BR,24.3,100.0,,272,7.5,-2
2023-01-25 20:23:15,7.5,274,,0.8,-2,6.9,269,262.0,275.0,8.1,24.3,24.3,100.0,1005.8,1005.3,1005.2,4000,4000,3870,4180,,M,M,,,426,FEW005,BKN013,OVC220,,BR,24.3,100.0,,274,7.5,-2
2023-01-25 20:24:15,7.2,275,,0.6,-2,7.0,270,262.0,278.0,8.1,24.3,24.3,100.0,1005.8,1005.3,1005.2,4040,3900,3870,4160,,M,M,,,622,FEW005,BKN013,OVC220,,BR,24.3,100.0,,275,7.2,-2
2023-01-25 20:25:15,6.5,276,,0.5,-2,6.9,271,262.0,284.0,8.1,24.3,24.3,100.0,1005.8,1005.3,1005.2,3960,3900,3870,4120,,M,M,,,1032,FEW005,BKN011,OVC220,,BR,24.3,100.0,,276,6.5,-2
2023-01-25 20:26:15,5.4,277,,0.3,-2,6.8,272,264.0,284.0,8.1,24.3,24.3,100.0,1005.8,1005.3,1005.3,4050,3900,3870,4110,,M,M,,,672,FEW005,BKN011,OVC220,,BR,24.3,100.0,,277,5.4,-2
2023-01-25 20:27:15,5.1,275,,0.4,-1,6.7,273,267.0,284.0,8.1,24.4,24.4,100.0,1005.8,1005.4,1005.3,3680,3900,3680,4050,,M,M,,,426,FEW005,BKN011,OVC220,,BR,24.4,100.0,,275,5.1,-1
2023-01-25 20:28:15,5.4,273,,0.7,-1,6.6,273,267.0,284.0,8.1,24.4,24.4,100.0,1005.8,1005.4,1005.3,3800,3900,3680,4050,,M,M,,,426,SCT005,BKN011,OVC220,,BR,24.4,100.0,,273,5.4,-1
2023-01-25 20:29:15,5.3,274,,0.6,-1,6.4,274,268.0,284.0,8.1,24.4,24.4,100.0,1005.8,1005.4,1005.4,3680,3800,3680,4050,,M,M,,,508,SCT005,BKN011,OVC220,,BR,24.4,100.0,,274,5.3,-1
2023-01-25 20:30:15,5.4,278,,0.2,-1,6.2,275,269.0,284.0,8.1,24.4,24.4,100.0,1005.8,1005.4,1005.4,3680,3800,3680,4050,,M,M,,,278,SCT005,BKN011,OVC220,,BR,24.4,100.0,,278,5.4,-1
2023-01-25 20:31:15,5.6,282,,0.2,-2,6.0,276,269.0,291.0,8.1,24.4,24.4,100.0,1005.8,1005.5,1005.4,3690,3800,3680,4050,,M,M,,,1032,SCT005,BKN011,OVC220,,BR,24.4,100.0,,282,5.6,-2
2023-01-25 20:32:15,5.4,285,,0.5,-2,5.8,278,269.0,291.0,8.0,24.4,24.4,100.0,1005.8,1005.5,1005.4,3690,3800,3680,4050,,M,M,,,1016,SCT005,BKN011,OVC220,,BR,24.4,100.0,,285,5.4,-2
2023-01-25 20:33:15,4.9,287,,0.6,-1,5.5,279,269.0,295.0,7.7,24.4,24.4,100.0,1005.8,1005.5,1005.4,3860,3800,3680,4050,,M,M,,,819,SCT005,BKN011,OVC220,,BR,24.4,100.0,,287,4.9,-1
2023-01-25 20:34:15,4.9,290,,0.9,-1,5.3,281,269.0,296.0,7.4,24.4,24.4,100.0,1005.8,1005.5,1005.4,3760,3700,3680,4050,,M,M,,,819,FEW005,BKN011,OVC220,,BR,24.4,100.0,,290,4.9,-1
2023-01-25 20:35:15,5.5,292,,1.1,-1,5.3,282,269.0,296.0,6.9,24.5,24.5,100.0,1005.8,1005.5,1005.4,3930,3700,3680,4050,,M,M,,,2655,FEW005,BKN011,OVC220,,BR,24.5,100.0,,292,5.5,-1
2023-01-25 20:36:15,5.7,291,,1.1,-2,5.4,283,271.0,297.0,6.9,24.5,24.5,100.0,1005.8,1005.5,1005.4,4060,3700,3680,4060,,M,M,,,2065,FEW005,BKN011,OVC220,,BR,24.5,100.0,,291,5.7,-2
2023-01-25 20:37:15,5.6,291,,1.1,-1,5.4,285,271.0,298.0,6.9,24.5,24.5,100.0,1005.8,1005.5,1005.4,4320,3800,3680,4320,,M,M,,,1294,FEW005,BKN013,OVC220,,BR,24.5,100.0,,291,5.6,-1
2023-01-25 20:38:15,5.9,293,,1.3,-1,5.5,287,272.0,300.0,7.0,24.5,24.5,100.0,1005.8,1005.4,1005.4,4510,3900,3680,4510,,M,M,,,22096,FEW005,BKN013,OVC220,,BR,24.5,100.0,,293,5.9,-1
2023-01-25 20:39:15,5.9,296,,1.6,-1,5.5,290,278.0,308.0,7.0,24.6,24.6,100.0,1005.8,1005.4,1005.4,4830,3900,3680,4830,,M,M,,,22063,FEW005,BKN013,OVC220,,BR,24.6,100.0,,296,5.9,-1
2023-01-25 20:40:15,5.6,299,,1.8,-2,5.5,292,279.0,308.0,7.0,24.6,24.6,100.0,1005.8,1005.4,1005.4,4650,4000,3690,4830,,M,M,,,2081,FEW005,BKN013,OVC220,,BR,24.6,100.0,,299,5.6,-2
2023-01-25 20:41:15,5.5,302,,2.1,-1,5.5,294,283.0,310.0,7.0,24.6,24.6,100.0,1005.8,1005.4,1005.4,4760,4200,3690,4830,,M,M,,,1147,FEW005,BKN013,OVC220,,BR,24.6,100.0,,302,5.5,-1
2023-01-25 20:42:15,5.2,304,,2.1,-2,5.5,295,284.0,310.0,7.0,24.6,24.6,100.0,1005.8,1005.4,1005.4,4620,4200,3760,4830,,M,M,,,22031,FEW005,BKN013,OVC220,,BR,24.6,100.0,,304,5.2,-2
2023-01-25 20:43:15,5.2,302,,1.9,-1,5.5,297,284.0,310.0,7.0,24.7,24.7,100.0,1005.8,1005.4,1005.4,4470,4300,3760,4830,,M,M,,,23752,FEW005,BKN013,OVC220,,BR,24.7,100.0,,302,5.2,-1
2023-01-25 20:44:15,5.3,299,,1.7,-1,5.5,297,284.0,310.0,7.0,24.7,24.7,100.0,1005.8,1005.4,1005.4,4890,4400,3930,4890,,M,M,,,23211,FEW005,BKN013,OVC220,,BR,24.7,100.0,,299,5.3,-1
2023-01-25 20:45:15,5.4,297,,1.6,-2,5.5,298,284.0,310.0,7.0,24.7,24.7,100.0,1005.8,1005.4,1005.4,5000,4500,4060,5000,,M,M,,,21998,FEW005,BKN013,OVC220,,BR,24.7,100.0,,297,5.4,-2
2023-01-25 20:46:15,5.4,295,,1.4,-1,5.5,298,284.0,310.0,7.0,24.7,24.7,100.0,1005.8,1005.4,1005.4,5220,4700,4320,5220,,M,M,,,23588,FEW005,BKN013,BKN220,OVC240,BR,24.7,100.0,,295,5.4,-1
2023-01-25 20:47:15,5.0,293,,1.1,-1,5.4,298,280.0,310.0,7.0,24.7,24.7,100.0,1005.8,1005.4,1005.4,5170,4700,4470,5220,,M,M,,,22096,FEW005,BKN013,BKN220,OVC240,BR,24.7,100.0,,293,5.0,-1
2023-01-25 20:48:15,4.9,297,,1.4,-2,5.3,299,280.0,310.0,6.7,24.7,24.7,100.0,1005.8,1005.4,1005.4,5300,4800,4470,5300,,M,M,,,22096,FEW005,BKN013,BKN220,OVC240,BR,24.7,100.0,,297,4.9,-2
2023-01-25 20:49:15,4.7,299,,1.5,-2,5.2,298,280.0,310.0,6.7,24.8,24.8,100.0,1005.8,1005.4,1005.3,5160,4900,4470,5300,,M,M,,,22162,FEW005,BKN013,BKN220,OVC240,BR,24.8,100.0,,299,4.7,-2
2023-01-25 20:50:15,5.3,295,,1.4,-2,5.2,298,280.0,310.0,7.7,24.8,24.8,100.0,1005.8,1005.4,1005.3,4990,4900,4470,5300,,M,M,,,21965,FEW005,BKN013,BKN220,OVC240,BR,24.8,100.0,,295,5.3,-2
2023-01-25 20:51:15,6.3,291,,1.2,-1,5.3,296,280.0,306.0,7.7,24.8,24.8,100.0,1005.8,1005.3,1005.3,5570,5000,4470,5570,,M,M,,,22604,FEW005,BKN013,BKN220,OVC240,BR,24.8,100.0,,291,6.3,-1
2023-01-25 20:52:15,6.5,290,,1.1,-2,5.5,295,280.0,306.0,7.7,24.8,24.8,100.0,1005.8,1005.3,1005.3,5300,5000,4470,5570,,M,M,,,23260,FEW005,SCT013,BKN220,OVC240,BR,24.8,100.0,,290,6.5,-2
2023-01-25 20:53:15,6.2,288,,0.9,-2,5.5,293,280.0,306.0,7.7,24.8,24.8,100.0,1005.8,1005.3,1005.3,4980,5000,4470,5570,,M,M,,,22227,FEW005,SCT013,OVC220,,BR,24.8,100.0,,288,6.2,-2
2023-01-25 20:54:15,6.3,286,,0.7,-2,5.7,292,280.0,306.0,7.7,24.8,24.8,100.0,1005.8,1005.3,1005.3,4990,5000,4980,5570,,M,M,,,22342,FEW005,SCT013,OVC220,,BR,24.8,100.0,,286,6.3,-2
2023-01-25 20:55:15,6.7,289,,1.0,-2,5.8,292,280.0,306.0,7.7,24.8,24.8,100.0,1005.8,1005.3,1005.2,5170,5000,4980,5570,,M,M,,,22686,FEW005,SCT013,OVC220,,BR,24.8,100.0,,289,6.7,-2
2023-01-25 20:56:15,7.0,289,,1.1,-1,6.0,291,280.0,306.0,7.9,24.8,24.8,100.0,1005.8,1005.3,1005.2,5300,5000,4980,5570,,M,M,,,23161,FEW005,SCT013,OVC220,,BR,24.8,100.0,,289,7.0,-1
2023-01-25 20:57:15,7.4,290,,1.3,-2,6.2,291,281.0,306.0,8.4,24.8,24.8,100.0,1005.8,1005.3,1005.2,5010,5000,4980,5570,,M,M,,,22916,SCT013,BKN220,OVC240,,BR,24.8,100.0,,290,7.4,-2
2023-01-25 20:58:15,7.7,291,,1.5,-2,6.6,290,281.0,305.0,8.4,24.8,24.8,100.0,1005.4,1005.3,1005.2,5120,5000,4980,5570,,M,M,,,23096,SCT013,OVC230,,,BR,24.8,100.0,,291,7.7,-2
2023-01-25 20:59:15,7.6,290,,1.3,-2,6.8,289,281.0,298.0,8.4,24.8,24.8,100.0,1005.4,1005.3,1005.2,4990,5000,4980,5570,,M,M,,,23080,FEW015,OVC230,,,BR,24.8,100.0,,290,7.6,-2
2023-01-25 21:00:15,7.3,291,,1.4,-2,7.0,289,281.0,297.0,8.4,24.8,24.8,100.0,1005.4,1005.2,1005.2,4860,5000,4860,5570,,M,M,,,23047,FEW015,OVC230,,,BR,24.8,100.0,,291,7.3,-2
2023-01-25 21:01:15,7.5,292,,1.6,-2,7.1,290,281.0,297.0,8.4,24.8,24.8,100.0,1005.4,1005.2,1005.2,5050,5000,4860,5300,,M,M,,,23293,FEW015,OVC230,,,BR,24.8,100.0,,292,7.5,-2
2023-01-25 21:02:15,7.7,293,,1.7,-2,7.2,290,281.0,299.0,8.4,24.8,24.8,100.0,1005.4,1005.2,1005.2,5190,5000,4860,5300,,M,M,,,23325,FEW015,OVC230,,,BR,24.8,100.0,,293,7.7,-2
2023-01-25 21:03:15,7.5,293,,1.7,-2,7.3,291,283.0,299.0,8.4,24.8,24.8,100.0,1005.4,1005.2,1005.2,5270,5000,4860,5300,,M,M,,,23457,FEW017,OVC230,,,BR,24.8,100.0,,293,7.5,-2
2023-01-25 21:04:15,7.7,292,,1.6,-2,7.5,291,285.0,299.0,9.5,24.8,24.8,100.0,1005.4,1005.2,1005.2,5200,5000,4860,5300,,M,M,,,23538,FEW019,OVC230,,,BR,24.8,100.0,,292,7.7,-2
2023-01-25 21:05:15,8.0,295,,2.1,-2,7.6,292,285.0,302.0,9.5,24.8,24.8,100.0,1005.4,1005.2,1005.2,5660,5000,4860,5660,,M,M,,,23555,FEW017,OVC230,,,BR,24.8,100.0,,295,8.0,-2
2023-01-25 21:06:15,7.4,293,,1.7,-2,7.6,292,282.0,302.0,9.5,24.8,24.8,100.0,1005.4,1005.3,1005.2,5620,5000,4860,5660,,M,M,,,2229,FEW019,OVC230,,,BR,24.8,100.0,,293,7.4,-2
2023-01-25 21:07:15,7.0,286,,0.7,-2,7.5,292,282.0,302.0,9.5,24.8,24.8,100.0,1005.8,1005.3,1005.2,5660,5000,4860,5660,,M,M,,,23867,FEW022,OVC230,,,BR,24.8,100.0,,286,7.0,-2
2023-01-25 21:08:15,7.0,286,,0.7,-2,7.4,291,280.0,302.0,9.5,24.8,24.8,100.0,1005.8,1005.3,1005.2,5480,5000,4860,5660,,M,M,,,23850,FEW022,OVC230,,,BR,24.8,100.0,,286,7.0,-2
2023-01-25 21:09:15,7.0,285,,0.6,-2,7.4,290,278.0,302.0,9.5,24.8,24.8,100.0,1005.8,1005.3,1005.2,5740,5000,4860,5740,,M,M,,,3376,FEW024,OVC230,,,BR,24.8,100.0,,285,7.0,-2
2023-01-25 21:10:15,7.2,284,,0.5,-2,7.4,290,278.0,302.0,9.5,24.8,24.8,100.0,1005.8,1005.3,1005.2,5640,5000,5050,5740,,M,M,,,4212,FEW029,OVC230,,,BR,24.8,100.0,,284,7.2,-2
2023-01-25 21:11:15,7.1,285,,0.6,-2,7.3,289,278.0,302.0,9.5,24.8,24.8,100.0,1005.4,1005.3,1005.2,5640,5000,5190,5740,,M,M,,,3589,FEW031,OVC230,,,BR,24.8,100.0,,285,7.1,-2
2023-01-25 21:12:15,6.8,284,,0.5,-2,7.2,288,276.0,302.0,9.5,24.7,24.7,100.0,1005.4,1005.3,1005.2,5840,5000,5200,5840,,M,M,,,245,FEW031,OVC230,,,BR,24.7,100.0,,284,6.8,-2
2023-01-25 21:13:15,6.6,283,,0.3,-1,7.2,287,276.0,302.0,9.5,24.7,24.7,100.0,1005.4,1005.3,1005.2,5600,5000,5200,5840,,M,M,,,4147,SCT033,OVC230,,,BR,24.7,100.0,,283,6.6,-1
2023-01-25 21:14:15,6.5,284,,0.5,-2,7.0,286,275.0,302.0,8.6,24.7,24.7,100.0,1005.4,1005.2,1005.2,5620,5000,5480,5840,,M,M,,,18687,SCT033,OVC230,,,BR,24.7,100.0,,284,6.5,-2
2023-01-25 21:15:15,6.3,282,,0.2,-2,6.8,284,275.0,294.0,8.1,24.7,24.7,100.0,1005.4,1005.2,1005.2,5490,5000,5480,5840,,M,M,,,18670,SCT033,SCT190,OVC230,,BR,24.7,100.0,,282,6.3,-2
2023-01-25 21:16:15,5.9,281,,0.1,-2,6.7,284,274.0,294.0,8.1,24.7,24.7,100.0,1005.4,1005.2,1005.2,5410,5000,5410,5840,,M,M,,,18687,FEW033,SCT190,OVC230,,BR,24.7,100.0,,281,5.9,-2
2023-01-25 21:17:15,5.7,279,,0.1,-2,6.6,283,272.0,294.0,8.1,24.7,24.7,100.0,1005.4,1005.2,1005.2,5370,5000,5370,5840,,M,M,,,18670,FEW035,SCT190,OVC230,,BR,24.7,100.0,,279,5.7,-2
2023-01-25 21:18:15,5.4,275,,0.5,-2,6.4,281,266.0,294.0,8.1,24.6,24.6,100.0,1005.4,1005.2,1005.2,4990,5000,4990,5840,,M,M,,,245,FEW003,SCT035,SCT190,OVC230,BR,24.6,100.0,,275,5.4,-2
2023-01-25 21:19:15,5.1,272,,0.7,-1,6.2,280,266.0,294.0,8.1,24.6,24.6,100.0,1005.4,1005.2,1005.2,5010,5000,4990,5840,,M,M,,,311,FEW003,SCT035,BKN190,OVC230,BR,24.6,100.0,,272,5.1,-1
2023-01-25 21:20:15,5.1,270,,0.9,-1,5.9,279,263.0,294.0,7.8,24.6,24.6,100.0,1005.4,1005.2,1005.2,4880,5000,4880,5840,,M,M,,,23965,FEW003,SCT035,BKN190,OVC230,BR,24.6,100.0,,270,5.1,-1
2023-01-25 21:21:15,5.3,268,,1.1,-2,5.8,277,262.0,293.0,7.8,24.6,24.6,100.0,1005.4,1005.2,1005.2,5250,5000,4880,5840,,M,M,,,23965,FEW003,SCT035,BKN190,OVC240,BR,24.6,100.0,,268,5.3,-2
2023-01-25 21:22:15,5.4,267,,1.2,-2,5.7,275,262.0,293.0,7.8,24.5,24.5,100.0,1005.4,1005.2,1005.2,5050,5000,4880,5620,,M,M,,,23883,FEW003,SCT035,BKN190,OVC240,BR,24.5,100.0,,267,5.4,-2
2023-01-25 21:23:15,5.5,268,,1.1,-2,5.6,274,262.0,290.0,7.8,24.5,24.5,100.0,1005.8,1005.3,1005.2,5100,5000,4880,5620,,M,M,,,22277,FEW003,SCT190,OVC240,,BR,24.5,100.0,,268,5.5,-2
2023-01-25 21:24:15,5.7,270,,1.0,-2,5.5,272,262.0,285.0,7.2,24.5,24.5,100.0,1005.8,1005.3,1005.2,5170,5000,4880,5490,,M,M,,,22211,FEW003,SCT190,OVC240,,BR,24.5,100.0,,270,5.7,-2
2023-01-25 21:25:15,5.8,268,,1.2,-2,5.5,271,259.0,285.0,7.2,24.5,24.5,100.0,1005.8,1005.3,1005.2,4880,5000,4880,5410,,M,M,,,22146,FEW003,SCT190,OVC240,,BR,24.5,100.0,,268,5.8,-2
2023-01-25 21:26:15,6.0,266,,1.5,-2,5.5,270,259.0,282.0,7.6,24.5,24.5,100.0,1005.8,1005.3,1005.3,4670,5000,4670,5370,,M,M,,,22063,FEW003,SCT190,OVC230,,BR,24.5,100.0,,266,6.0,-2
2023-01-25 21:27:15,5.6,266,,1.4,-1,5.4,268,257.0,280.0,7.6,24.5,24.5,100.0,1005.8,1005.3,1005.3,4780,4900,4670,5250,,M,M,,,21981,FEW003,SCT190,BKN220,OVC240,BR,24.5,100.0,,266,5.6,-1
2023-01-25 21:28:15,4.8,260,,1.6,-2,5.4,267,254.0,277.0,7.6,24.4,24.4,100.0,1005.8,1005.4,1005.3,4810,4900,4670,5250,,M,M,,,21260,FEW003,SCT190,BKN220,OVC240,BR,24.4,100.0,,260,4.8,-2
2023-01-25 21:29:15,4.5,254,,2.0,-2,5.3,265,243.0,275.0,7.6,24.4,24.4,100.0,1005.8,1005.4,1005.3,4780,4900,4670,5250,,M,M,,,21457,FEW003,SCT190,BKN220,OVC240,BR,24.4,100.0,,254,4.5,-2
2023-01-25 21:30:15,4.4,248,,2.3,-2,5.2,262,239.0,275.0,7.6,24.4,24.4,100.0,1005.8,1005.4,1005.4,4540,4800,4540,5250,,M,M,,,21571,FEW003,SCT190,BKN220,OVC240,BR,24.4,100.0,,248,4.4,-2
2023-01-25 21:31:15,4.4,247,,2.4,-1,5.2,260,239.0,275.0,7.6,24.4,24.4,100.0,1005.8,1005.4,1005.4,4730,4800,4540,5170,,M,M,,,21686,FEW003,SCT190,BKN220,OVC240,BR,24.4,100.0,,247,4.4,-1
2023-01-25 21:32:15,4.1,248,,2.2,-2,5.0,258,239.0,274.0,7.6,24.4,24.4,100.0,1005.8,1005.4,1005.4,4740,4800,4540,5170,,M,M,,,21719,FEW003,SCT190,BKN220,OVC240,BR,24.4,100.0,,248,4.1,-2
2023-01-25 21:33:15,3.5,248,,1.9,-1,4.8,256,239.0,274.0,7.6,24.4,24.4,100.0,1005.8,1005.4,1005.4,4860,4700,4540,5170,,M,M,,,21687,FEW003,SCT190,BKN220,OVC240,BR,24.4,100.0,,248,3.5,-1
2023-01-25 21:34:15,3.3,252,,1.5,-1,4.5,255,239.0,272.0,7.6,24.4,24.4,100.0,1005.8,1005.4,1005.4,4980,4700,4540,4980,,M,M,,,21686,FEW003,SCT190,BKN220,OVC240,BR,24.4,100.0,,252,3.3,-1
2023-01-25 21:35:15,3.6,256,,1.5,-2,4.3,254,239.0,271.0,7.6,24.4,24.4,100.0,1005.8,1005.5,1005.4,4600,4700,4540,4980,,M,M,,,21703,FEW003,SCT190,BKN220,OVC240,BR,24.4,100.0,,256,3.6,-2
2023-01-25 21:36:15,4.1,256,,1.7,-2,4.1,253,239.0,269.0,6.3,24.4,24.4,100.0,1005.8,1005.5,1005.4,4550,4700,4540,4980,,M,M,,,21768,FEW003,SCT190,BKN220,OVC240,BR,24.4,100.0,,256,4.1,-2
2023-01-25 21:37:15,4.2,258,,1.6,-2,4.0,252,239.0,264.0,5.7,24.4,24.4,100.0,1005.8,1005.5,1005.4,4670,4700,4540,4980,,M,M,,,21800,FEW003,SCT190,BKN220,OVC240,BR,24.4,100.0,,258,4.2,-2
2023-01-25 21:38:15,4.4,258,,1.6,-2,4.0,253,239.0,264.0,5.7,24.4,24.4,100.0,1005.8,1005.5,1005.4,5180,4700,4540,5180,,M,M,,,18588,FEW003,SCT190,OVC220,,BR,24.4,100.0,,258,4.4,-2
2023-01-25 21:39:15,4.5,257,,1.8,-2,4.0,253,239.0,264.0,5.7,24.4,24.4,100.0,1005.8,1005.5,1005.5,5000,4700,4540,5180,,M,M,,,18571,FEW003,SCT190,OVC220,,BR,24.4,100.0,,257,4.5,-2
2023-01-25 21:40:15,4.9,256,,2.0,-1,4.1,254,242.0,264.0,5.7,24.4,24.4,100.0,1005.8,1005.5,1005.5,4800,4800,4550,5180,,M,M,,,19932,FEW003,SCT190,BKN220,OVC240,BR,24.4,100.0,,256,4.9,-1
2023-01-25 21:41:15,5.2,258,,1.9,-2,4.2,255,244.0,265.0,5.8,24.4,24.4,100.0,1005.8,1005.6,1005.5,4740,4800,4550,5180,,M,M,,,229,FEW003,SCT190,BKN220,OVC240,BR,24.4,100.0,,258,5.2,-2
2023-01-25 21:42:15,5.1,262,,1.6,-2,4.3,257,244.0,267.0,5.8,24.4,24.4,100.0,1005.8,1005.6,1005.5,4770,4800,4550,5180,,M,M,,,229,FEW003,SCT190,OVC220,,BR,24.4,100.0,,262,5.1,-2
2023-01-25 21:43:15,4.8,264,,1.3,-2,4.5,259,245.0,268.0,5.8,24.4,24.4,100.0,1005.8,1005.6,1005.5,4720,4700,4550,5180,,M,M,,,262,FEW003,SCT190,OVC220,,BR,24.4,100.0,,264,4.8,-2
2023-01-25 21:44:15,4.4,266,,1.1,-1,4.5,260,251.0,270.0,5.8,24.4,24.4,100.0,1006.1,1005.6,1005.5,4560,4700,4550,5180,,M,M,,,1458,FEW005,SCT190,OVC220,,BR,24.4,100.0,,266,4.4,-1
2023-01-25 21:45:15,4.1,264,,1.1,-2,4.6,260,251.0,270.0,5.8,24.4,24.4,100.0,1006.1,1005.6,1005.6,4580,4700,4550,5180,,M,M,,,20096,FEW005,SCT190,OVC220,,BR,24.4,100.0,,264,4.1,-2
2023-01-25 21:46:15,3.8,264,,1.0,-2,4.5,261,251.0,275.0,5.8,24.4,24.4,100.0,1006.1,1005.6,1005.6,4650,4700,4560,5180,,M,M,,,21932,FEW005,SCT190,OVC220,,BR,24.4,100.0,,264,3.8,-2
2023-01-25 21:47:15,3.2,268,,0.7,-1,4.3,262,251.0,277.0,5.8,24.4,24.4,100.0,1006.1,1005.6,1005.5,4770,4700,4560,5180,,M,M,,,229,SCT005,SCT200,OVC220,,BR,24.4,100.0,,268,3.2,-1
2023-01-25 21:48:15,2.8,268,,0.6,-2,4.2,263,251.0,277.0,5.8,24.4,24.4,100.0,1005.8,1005.6,1005.5,4670,4700,4560,5000,,M,M,,,229,SCT003,BKN200,OVC220,,BR,24.4,100.0,,268,2.8,-2
2023-01-25 21:49:15,3.2,266,,0.8,-1,4.1,264,253.0,277.0,5.8,24.4,24.4,100.0,1006.1,1005.6,1005.6,4750,4600,4560,4800,,M,M,,,23326,SCT003,BKN200,OVC220,,BR,24.4,100.0,,266,3.2,-1
2023-01-25 21:50:15,3.7,263,,1.1,-2,3.9,265,256.0,277.0,5.8,24.4,24.4,100.0,1006.1,1005.6,1005.6,4720,4600,4560,4770,,M,M,,,229,SCT003,BKN200,BKN220,OVC240,BR,24.4,100.0,,263,3.7,-2
2023-01-25 21:51:15,3.8,262,,1.2,-1,3.8,265,256.0,277.0,5.6,24.4,24.4,100.0,1006.1,1005.6,1005.6,4770,4600,4560,4770,,M,M,,,229,SCT003,BKN200,OVC220,,BR,24.4,100.0,,262,3.8,-1
2023-01-25 21:52:15,3.6,262,,1.1,-1,3.7,265,256.0,277.0,5.2,24.4,24.4,100.0,1006.1,1005.6,1005.6,4680,4600,4560,4770,,M,M,,,229,SCT003,BKN200,OVC220,,BR,24.4,100.0,,262,3.6,-1
2023-01-25 21:53:15,3.3,259,,1.2,-1,3.5,264,254.0,277.0,4.9,24.3,24.3,100.0,1006.1,1005.6,1005.6,4910,4700,4560,4910,,M,M,,,229,SCT003,BKN200,OVC220,,BR,24.3,100.0,,259,3.3,-1
2023-01-25 21:54:15,3.2,254,,1.4,-2,3.4,262,246.0,277.0,4.6,24.3,24.3,100.0,1006.1,1005.7,1005.6,4780,4700,4580,4910,,M,M,,,229,SCT003,BKN200,OVC220,,BR,24.3,100.0,,254,3.2,-2
2023-01-25 21:55:15,3.3,247,,1.8,-1,3.4,260,238.0,277.0,4.3,24.3,24.3,100.0,1006.1,1005.7,1005.6,5050,4700,4650,5050,,M,M,,,229,SCT003,BKN200,OVC220,,BR,24.3,100.0,,247,3.3,-1
2023-01-25 21:56:15,3.3,236,,2.3,-2,3.3,257,221.0,277.0,4.3,24.3,24.3,100.0,1006.1,1005.7,1005.6,5300,4800,4670,5300,,M,M,,,245,BKN003,BKN200,OVC220,,BR,24.3,100.0,,236,3.3,-2
2023-01-25 21:57:15,3.0,230,,2.3,-2,3.3,253,221.0,271.0,4.3,24.3,24.3,100.0,1006.1,1005.7,1005.6,5150,4800,4670,5300,,M,M,,,2508,BKN003,BKN019,BKN200,OVC220,BR,24.3,100.0,,230,3.0,-2
2023-01-25 21:58:15,2.6,224,,2.2,-1,3.3,248,205.0,266.0,4.3,24.3,24.3,100.0,1006.1,1005.7,1005.7,4660,4800,4660,5300,,M,M,,,2753,BKN003,BKN024,BKN200,OVC220,BR,24.3,100.0,,224,2.6,-1
2023-01-25 21:59:15,2.1,211,,2.0,-1,3.1,242,197.0,265.0,4.3,24.3,24.3,100.0,1006.1,1005.7,1005.7,4770,4800,4660,5300,,M,M,,,1294,BKN003,BKN022,BKN190,OVC220,BR,24.3,100.0,,211,2.1,-1
2023-01-25 22:00:15,2.0,212,,1.9,-1,2.9,238,197.0,264.0,4.3,24.3,24.3,100.0,1006.1,1005.7,1005.7,4690,4800,4660,5300,,M,M,,,22342,BKN003,BKN022,BKN190,OVC220,BR,24.3,100.0,,212,2.0,-1
2023-01-25 22:01:15,2.3,221,,2.0,-1,2.8,234,197.0,264.0,3.8,24.4,24.4,100.0,1006.1,1005.8,1005.7,4610,4800,4610,5300,,M,M,,,22342,SCT003,BKN022,BKN190,OVC220,BR,24.4,100.0,,221,2.3,-1
2023-01-25 22:02:15,2.3,218,,2.0,-1,2.7,229,197.0,258.0,3.7,24.4,24.4,100.0,1006.1,1005.8,1005.7,4480,4800,4480,5300,,M,M,,,803,SCT003,BKN018,BKN190,OVC220,BR,24.4,100.0,,218,2.3,-1
2023-01-25 22:03:15,1.7,218,,1.5,-1,2.5,225,197.0,255.0,3.7,24.4,24.4,100.0,1006.1,1005.8,1005.7,4310,4700,4310,5300,,M,M,,,967,SCT003,BKN016,BKN190,OVC220,BR,24.4,100.0,,218,1.7,-1
2023-01-25 22:04:15,1.1,235,,0.8,-1,2.3,225,197.0,255.0,3.7,24.4,24.4,100.0,1006.1,1005.8,1005.7,4180,4600,4180,5300,,M,M,,,737,SCT003,BKN016,BKN190,OVC220,BR,24.4,100.0,,235,1.1,-1
2023-01-25 22:05:15,0.8,251,,0.4,-1,2.0,226,197.0,260.0,3.6,24.4,24.4,100.0,1006.1,1005.8,1005.7,4090,4500,4090,5300,,M,M,,,655,SCT003,BKN014,BKN190,OVC220,BR,24.4,100.0,,251,0.8,-1
2023-01-25 22:06:15,0.7,259,,0.3,-1,1.7,229,197.0,267.0,3.2,24.4,24.4,100.0,1006.1,1005.8,1005.7,4060,4400,4060,5300,,M,M,,,737,SCT003,BKN014,BKN190,OVC220,BR,24.4,100.0,,259,0.7,-1
2023-01-25 22:07:15,0.4,274,,0.0,-1,1.5,233,197.0,1.0,2.9,24.4,24.4,100.0,1006.1,1005.8,1005.7,4110,4300,4060,4770,,M,M,,,1229,SCT003,BKN014,BKN190,OVC220,BR,24.4,100.0,,274,0.4,-1
2023-01-25 22:08:15,0.2,258,,0.1,-1,1.3,233,174.0,1.0,2.9,24.4,24.4,100.0,1006.1,1005.8,1005.7,4480,4300,4060,4770,,M,M,,,1393,SCT003,BKN012,BKN200,OVC220,BR,24.4,100.0,,258,0.2,-1
2023-01-25 22:09:15,0.4,189,,0.4,0,1.1,232,174.0,1.0,2.9,24.4,24.4,100.0,1006.1,1005.8,1005.7,4130,4300,4060,4690,,M,M,,,852,SCT003,BKN012,OVC220,,BR,24.4,100.0,,189,0.4,0
2023-01-25 22:10:15,0.6,192,,0.6,0,1.0,229,174.0,1.0,2.9,24.4,24.4,100.0,1006.1,1005.8,1005.7,4010,4200,4010,4610,,M,M,,,803,SCT003,BKN010,OVC220,,BR,24.4,100.0,,192,0.6,0
2023-01-25 22:11:15,0.7,219,,0.6,0,0.8,231,174.0,1.0,2.9,24.4,24.4,100.0,1006.1,1005.8,1005.7,4390,4200,4010,4480,,M,M,,,1196,SCT003,BKN010,OVC220,,BR,24.4,100.0,,219,0.7,0
2023-01-25 22:12:15,0.5,242,,0.3,0,0.6,235,174.0,1.0,1.9,24.4,24.4,100.0,1006.1,1005.8,1005.7,4080,4100,4010,4480,,M,M,,,1672,SCT003,BKN010,OVC220,,BR,24.4,100.0,,242,0.5,0
2023-01-25 22:13:15,0.4,212,,0.4,1,0.5,231,109.0,1.0,1.1,24.5,24.5,100.0,1006.1,1005.8,1005.7,4440,4100,4010,4480,,M,M,,,16129,FEW003,BKN010,OVC220,,BR,24.5,100.0,,212,0.4,1
2023-01-25 22:14:15,0.7,179,,0.7,3,0.5,223,109.0,1.0,1.1,24.5,24.5,100.0,1006.1,1005.8,1005.8,4520,4200,4010,4520,,M,M,,,13293,FEW003,BKN010,BKN160,OVC220,BR,24.5,100.0,,179,0.7,3
2023-01-25 22:15:15,1.2,177,,1.2,4,0.6,212,109.0,1.0,1.9,24.5,24.5,100.0,1006.1,1005.8,1005.8,4410,4200,4010,4520,,M,M,,,13261,FEW003,BKN010,BKN130,OVC160,BR,24.5,100.0,,177,1.2,4
2023-01-25 22:16:15,1.8,187,,1.8,6,0.8,204,109.0,1.0,2.3,24.5,24.5,100.0,1006.1,1005.8,1005.8,4030,4200,4010,4520,,M,M,,,15982,FEW003,BKN010,BKN130,OVC160,BR,24.5,100.0,,187,1.8,6
2023-01-25 22:17:15,2.2,197,,2.2,7,1.0,198,109.0,1.0,2.3,24.4,24.4,100.0,1006.1,1005.9,1005.8,3580,4100,3580,4520,,M,M,,,15998,FEW003,BKN012,BKN130,OVC160,BR,24.4,100.0,,197,2.2,7
2023-01-25 22:18:15,2.0,198,,2.0,8,1.1,198,109.0,1.0,2.3,24.4,24.4,100.0,1006.1,1005.9,1005.8,3890,4100,3580,4520,,M,M,,,15982,FEW003,BKN012,BKN130,OVC160,BR,24.4,100.0,,198,2.0,8
2023-01-25 22:19:15,1.8,197,,1.8,8,1.2,200,109.0,1.0,2.3,24.4,24.4,100.0,1006.1,1005.9,1005.8,4070,4100,3580,4520,,M,M,,,13343,FEW003,BKN012,BKN130,OVC160,BR,24.4,100.0,,197,1.8,8
2023-01-25 22:20:15,1.9,192,,1.9,12,1.4,198,109.0,1.0,2.3,24.4,24.4,100.0,1006.1,1005.8,1005.8,4250,4100,3580,4520,,M,M,,,13343,FEW003,BKN012,BKN130,OVC160,BR,24.4,100.0,,192,1.9,12
2023-01-25 22:21:15,2.2,186,,2.2,18,1.6,193,109.0,1.0,2.6,24.4,24.4,100.0,1006.1,1005.8,1005.8,4430,4100,3580,4520,,M,M,,,16047,FEW003,BKN012,BKN130,OVC160,BR,24.4,100.0,,186,2.2,18
2023-01-25 22:22:15,2.1,181,,2.1,19,1.7,188,109.0,219.0,2.6,24.5,24.5,100.0,1006.1,1005.8,1005.8,4230,4100,3580,4520,,M,M,,,16277,FEW003,BKN012,BKN130,OVC160,BR,24.5,100.0,,181,2.1,19
2023-01-25 22:23:15,1.7,179,,1.7,22,1.8,187,124.0,202.0,2.6,24.5,24.5,100.0,1006.1,1005.8,1005.8,4040,4100,3580,4520,,M,M,,,16162,FEW003,SCT012,BKN130,OVC160,BR,24.5,100.0,,179,1.7,22
2023-01-25 22:24:15,1.4,185,,1.4,29,1.8,189,162.0,202.0,2.6,24.6,24.6,100.0,1006.1,1005.8,1005.8,3840,4000,3580,4430,,M,M,,,14638,SCT012,BKN130,OVC160,,BR,24.6,100.0,,185,1.4,29
2023-01-25 22:25:15,1.3,191,,1.3,32,1.8,190,168.0,202.0,2.6,24.6,24.6,100.0,1006.1,1005.9,1005.8,3800,3900,3580,4430,,M,M,,,16064,SCT012,BKN130,OVC160,,BR,24.6,100.0,,191,1.3,32
2023-01-25 22:26:15,1.3,192,,1.3,37,1.7,190,168.0,202.0,2.6,24.6,24.6,100.0,1006.1,1005.9,1005.8,3570,3900,3570,4430,,M,M,,,16096,SCT012,BKN130,OVC160,,BR,24.6,100.0,,192,1.3,37
2023-01-25 22:27:15,1.0,189,,1.0,44,1.6,188,168.0,202.0,2.6,24.6,24.6,100.0,1006.1,1005.9,1005.8,3490,3900,3490,4430,,M,M,,,16096,SCT012,BKN130,OVC160,,BR,24.6,100.0,,189,1.0,44
2023-01-25 22:28:15,1.0,189,,1.0,47,1.5,188,168.0,201.0,2.6,24.5,24.5,100.0,1006.1,1005.9,1005.8,3600,3900,3490,4430,,M,M,,,16145,SCT010,BKN130,OVC160,,BR,24.5,100.0,,189,1.0,47
2023-01-25 22:29:15,1.0,185,,1.0,56,1.5,186,167.0,201.0,2.6,24.5,24.5,100.0,1006.1,1005.9,1005.9,3840,3800,3490,4430,,M,M,,,16162,SCT010,SCT130,OVC160,,BR,24.5,100.0,,185,1.0,56
2023-01-25 22:30:15,1.2,183,,1.2,63,1.4,186,167.0,201.0,2.6,24.5,24.5,100.0,1006.1,1005.9,1005.9,3810,3800,3490,4430,,M,M,,,14802,SCT010,SCT130,OVC160,,BR,24.5,100.0,,183,1.2,63
2023-01-25 22:31:15,1.3,191,,1.3,71,1.3,187,167.0,201.0,2.4,24.5,24.5,100.0,1006.4,1005.9,1005.9,4060,3800,3490,4230,,M,M,,,14572,SCT010,SCT130,OVC160,,BR,24.5,100.0,,191,1.3,71
2023-01-25 22:32:15,1.3,189,,1.3,82,1.2,187,167.0,201.0,1.7,24.5,24.5,100.0,1006.4,1006.0,1005.9,4000,3700,3490,4060,,M,M,,,14589,SCT010,SCT130,OVC160,,BR,24.5,100.0,,189,1.3,82
2023-01-25 22:33:15,1.3,182,,1.3,94,1.2,188,167.0,201.0,1.6,24.5,24.5,100.0,1006.4,1006.0,1005.9,4040,3700,3490,4060,,M,M,,,14802,FEW010,SCT130,OVC160,,BR,24.5,100.0,,182,1.3,94
2023-01-25 22:34:15,1.6,177,,1.6,106,1.3,186,167.0,201.0,2.3,24.5,24.5,100.0,1006.4,1006.0,1005.9,3990,3800,3490,4060,,M,M,,,14703,FEW010,SCT130,OVC160,,BR,24.5,100.0,,177,1.6,106
2023-01-25 22:35:15,2.1,178,,2.1,118,1.4,185,167.0,201.0,3.1,24.5,24.5,100.0,1006.4,1006.0,1006.0,3920,3800,3490,4060,,M,M,,,295,FEW010,SCT130,OVC160,,BR,24.5,100.0,,178,2.1,118
2023-01-25 22:36:15,2.5,185,,2.5,132,1.5,185,167.0,201.0,3.1,24.5,24.5,100.0,1006.4,1006.0,1006.0,3730,3800,3490,4060,,M,M,,,14785,FEW010,SCT130,OVC160,,BR,24.5,100.0,,185,2.5,132
2023-01-25 22:37:15,2.6,190,,2.6,147,1.7,185,167.0,198.0,3.1,24.5,24.5,100.0,1006.4,1006.0,1006.0,3940,3800,3600,4060,,M,M,,,14851,FEW010,SCT130,OVC160,,BR,24.5,100.0,,190,2.6,147
2023-01-25 22:38:15,2.6,195,,2.6,165,1.8,186,167.0,201.0,3.1,24.5,24.5,100.0,1006.4,1006.0,1006.0,3830,3900,3730,4060,,M,M,,,14801,FEW010,OVC160,,,BR,24.5,100.0,,195,2.6,165
2023-01-25 22:39:15,2.5,201,,2.5,183,2.0,189,168.0,214.0,3.1,24.5,24.5,100.0,1006.4,1006.1,1006.0,3800,3900,3730,4060,,M,M,,,14867,FEW010,OVC150,,,BR,24.5,100.0,,201,2.5,183
2023-01-25 22:40:15,2.3,210,,2.2,203,2.1,191,168.0,221.0,3.1,24.5,24.5,100.0,1006.4,1006.1,1006.0,3710,3800,3710,4060,,M,M,,,16130,FEW010,OVC150,,,BR,24.5,100.0,,210,2.3,203
2023-01-25 22:41:15,2.1,221,,1.8,224,2.1,194,168.0,232.0,3.1,24.5,24.5,100.0,1006.4,1006.1,1006.0,3460,3800,3460,4040,,M,M,,,16179,FEW130,OVC160,,,BR,24.5,100.0,,221,2.1,224
2023-01-25 22:42:15,2.1,233,,1.5,244,2.2,200,168.0,243.0,3.1,24.4,24.4,100.0,1006.4,1006.1,1006.1,3460,3700,3460,4040,,M,M,,,16162,FEW130,OVC160,,,BR,24.4,100.0,,233,2.1,244
2023-01-25 22:43:15,2.2,242,,1.4,265,2.3,206,168.0,248.0,3.1,24.4,24.4,100.0,1006.4,1006.1,1006.1,3280,3700,3280,3990,,M,M,,,16211,FEW130,OVC160,,,BR,24.4,100.0,,242,2.2,265
2023-01-25 22:44:15,2.3,244,,1.4,287,2.4,213,177.0,248.0,3.1,24.4,24.4,100.0,1006.4,1006.2,1006.1,3300,3600,3280,3940,,M,M,,,16195,FEW130,OVC160,,,BR,24.4,100.0,,244,2.3,287
2023-01-25 22:45:15,2.3,243,,1.4,310,2.4,219,186.0,248.0,2.9,24.3,24.3,100.0,1006.4,1006.2,1006.1,3260,3500,3260,3940,,M,M,,,393,FEW003,OVC160,,,BR,24.3,100.0,,243,2.3,310
2023-01-25 22:46:15,2.2,240,,1.4,335,2.3,225,189.0,248.0,2.8,24.3,24.3,100.0,1006.4,1006.2,1006.1,3300,3500,3260,3940,,M,M,,,16244,FEW003,OVC160,,,BR,24.3,100.0,,240,2.2,335
2023-01-25 22:47:15,2.2,235,,1.6,358,2.3,228,195.0,248.0,2.7,24.3,24.3,100.0,1006.4,1006.2,1006.1,3270,3400,3260,3830,,M,M,,,16342,FEW003,OVC160,,,BR,24.3,100.0,,235,2.2,358
2023-01-25 22:48:15,2.3,227,,1.8,382,2.2,231,199.0,248.0,2.7,24.3,24.3,100.0,1006.4,1006.2,1006.1,3240,3300,3240,3800,,M,M,,,278,FEW003,OVC160,,,BR,24.3,100.0,,227,2.3,382
2023-01-25 22:49:15,2.4,226,,1.9,408,2.3,233,206.0,248.0,2.7,24.3,24.3,100.0,1006.4,1006.2,1006.1,3280,3300,3240,3710,,M,M,,,16375,FEW003,OVC160,,,BR,24.3,100.0,,226,2.4,408
2023-01-25 22:50:15,2.5,229,,1.9,436,2.3,235,220.0,248.0,2.7,24.3,24.3,100.0,1006.4,1006.2,1006.1,3590,3300,3240,3590,,M,M,,,229,FEW003,OVC160,,,BR,24.3,100.0,,229,2.5,436
2023-01-25 22:51:15,2.5,231,,1.9,462,2.3,235,220.0,248.0,2.7,24.3,24.3,100.0,1006.4,1006.2,1006.1,4040,3300,3240,4040,,M,M,,,229,FEW003,OVC160,,,BR,24.3,100.0,,231,2.5,462
2023-01-25 22:52:15,2.3,230,,1.8,492,2.3,234,220.0,248.0,2.7,24.3,24.3,100.0,1006.4,1006.2,1006.1,4120,3400,3240,4120,,M,M,,,295,SCT003,OVC160,,,BR,24.3,100.0,,230,2.3,492
2023-01-25 22:53:15,2.0,228,,1.6,522,2.3,232,220.0,247.0,2.7,24.3,24.3,100.0,1006.4,1006.2,1006.1,3480,3400,3240,4120,,M,M,,,16260,SCT003,OVC160,,,BR,24.3,100.0,,228,2.0,522
2023-01-25 22:54:15,1.7,229,,1.3,554,2.2,231,220.0,244.0,2.7,24.3,24.3,100.0,1006.4,1006.2,1006.1,3540,3400,3240,4120,,M,M,,,16211,SCT003,OVC160,,,BR,24.3,100.0,,229,1.7,554
2023-01-25 22:55:15,1.3,233,,1.0,588,2.1,230,220.0,240.0,2.7,24.3,24.3,100.0,1006.4,1006.2,1006.1,3690,3500,3240,4120,,M,M,,,426,SCT003,OVC160,,,BR,24.3,100.0,,233,1.3,588
2023-01-25 22:56:15,1.2,239,,0.8,623,2.0,231,220.0,254.0,2.7,24.3,24.3,100.0,1006.4,1006.2,1006.1,3880,3500,3240,4120,,M,M,,,327,SCT003,OVC160,,,BR,24.3,100.0,,239,1.2,623
2023-01-25 22:57:15,1.2,257,,0.5,658,1.9,235,220.0,294.0,2.7,24.3,24.3,100.0,1006.4,1006.2,1006.1,4050,3600,3240,4120,,M,M,,,16358,SCT003,OVC160,,,BR,24.3,100.0,,257,1.2,658
2023-01-25 22:58:15,1.3,288,,0.2,693,1.8,242,222.0,312.0,2.7,24.3,24.3,100.0,1006.4,1006.2,1006.1,4060,3700,3240,4120,,M,M,,,262,SCT003,OVC160,,,BR,24.3,100.0,,288,1.3,693
2023-01-25 22:59:15,1.4,299,,0.5,728,1.7,248,222.0,312.0,2.7,24.4,24.4,100.0,1006.4,1006.2,1006.2,4140,3800,3480,4140,,M,M,,,295,SCT003,OVC160,,,BR,24.4,100.0,,299,1.4,728
2023-01-25 23:00:15,1.3,273,,0.2,764,1.6,250,215.0,312.0,2.7,24.4,24.4,100.0,1006.4,1006.2,1006.2,4110,3800,3480,4140,,M,M,,,327,SCT003,OVC160,,,BR,24.4,100.0,,273,1.3,764
2023-01-25 23:01:15,1.2,236,,0.8,801,1.4,250,195.0,312.0,2.4,24.5,24.5,100.0,1006.4,1006.2,1006.2,4070,3800,3480,4140,,M,M,,,327,BKN003,OVC160,,,BR,24.5,100.0,,236,1.2,801
2023-01-25 23:02:15,1.1,207,,1.1,839,1.3,246,183.0,312.0,2.1,24.5,24.5,100.0,1006.4,1006.3,1006.2,4110,3800,3480,4140,,M,M,,,16261,BKN003,OVC160,,,BR,24.5,100.0,,207,1.1,839
2023-01-25 23:03:15,1.0,202,,1.0,879,1.2,245,183.0,312.0,2.1,24.5,24.5,100.0,1006.4,1006.3,1006.2,4020,3900,3540,4140,,M,M,,,327,BKN003,OVC160,,,BR,24.5,100.0,,202,1.0,879
2023-01-25 23:04:15,0.8,226,,0.6,921,1.1,246,183.0,312.0,2.1,24.6,24.6,100.0,1006.4,1006.3,1006.2,3970,4000,3690,4140,,M,M,,,16260,BKN003,OVC160,,,BR,24.6,100.0,,226,0.8,921
2023-01-25 23:05:15,0.7,248,,0.4,967,1.1,248,183.0,312.0,2.1,24.6,24.6,100.0,1006.8,1006.3,1006.2,4060,4000,3880,4140,,M,M,,,16244,BKN003,OVC160,,,BR,24.6,100.0,,248,0.7,967
2023-01-25 23:06:15,0.8,233,,0.6,1014,1.1,245,183.0,312.0,2.1,24.6,24.6,100.0,1006.8,1006.3,1006.3,4160,4000,3970,4160,,M,M,,,16146,BKN003,OVC160,,,BR,24.6,100.0,,233,0.8,1014
2023-01-25 23:07:15,1.5,209,,1.4,1066,1.1,237,183.0,312.0,2.3,24.6,24.6,100.0,1006.8,1006.4,1006.3,3920,4000,3920,4160,,M,M,,,15982,BKN003,OVC160,,,BR,24.6,100.0,,209,1.5,1066
2023-01-25 23:08:15,1.9,211,,1.8,1117,1.2,228,183.0,309.0,2.3,24.6,24.6,100.0,1006.8,1006.4,1006.3,3990,4000,3920,4160,,M,M,,,16162,BKN003,OVC160,,,BR,24.6,100.0,,211,1.9,1117
2023-01-25 23:09:15,1.8,221,,1.5,1170,1.2,223,183.0,300.0,2.3,24.7,24.7,100.0,1006.8,1006.4,1006.3,3910,4000,3910,4160,,M,M,,,475,BKN003,OVC160,,,BR,24.7,100.0,,221,1.8,1170
2023-01-25 23:10:15,1.8,228,,1.4,1221,1.3,221,183.0,268.0,2.3,24.7,24.7,100.0,1006.8,1006.4,1006.3,3740,3900,3740,4160,,M,M,,,278,BKN003,OVC160,,,BR,24.7,100.0,,228,1.8,1221
2023-01-25 23:11:15,1.7,234,,1.2,1271,1.3,222,183.0,268.0,2.3,24.7,24.7,100.0,1006.8,1006.4,1006.3,3670,3900,3670,4160,,M,M,,,0,BKN003,OVC160,,,BR,24.7,100.0,,234,1.7,1271
2023-01-25 23:12:15,1.9,233,,1.4,1318,1.4,226,202.0,268.0,2.3,24.8,24.8,100.0,1006.8,1006.4,1006.3,3460,3800,3460,4160,,M,M,,,15883,BKN003,OVC160,,,BR,24.8,100.0,,233,1.9,1318
2023-01-25 23:13:15,2.0,231,,1.5,1360,1.5,228,202.0,268.0,2.3,24.8,24.8,100.0,1006.8,1006.4,1006.3,3480,3800,3460,4160,,M,M,,,213,BKN003,OVC160,,,BR,24.8,100.0,,231,2.0,1360
2023-01-25 23:14:15,1.9,234,,1.4,1395,1.7,228,202.0,268.0,2.3,24.8,24.8,100.0,1006.8,1006.4,1006.3,3750,3700,3460,4160,,M,M,,,16212,BKN003,OVC160,,,BR,24.8,100.0,,234,1.9,1395
2023-01-25 23:15:15,1.9,234,,1.4,1430,1.8,226,202.0,246.0,2.3,24.8,24.8,100.0,1006.8,1006.4,1006.3,3800,3700,3460,4160,,M,M,,,688,SCT003,OVC160,,,BR,24.8,100.0,,234,1.9,1430
2023-01-25 23:16:15,1.6,246,,0.9,1467,1.8,230,202.0,266.0,2.3,24.9,24.9,100.0,1006.8,1006.4,1006.4,3800,3700,3460,3990,,M,M,,,0,SCT003,BKN160,,,BR,24.9,100.0,,246,1.6,1467
2023-01-25 23:17:15,1.5,239,,1.0,1498,1.8,232,190.0,266.0,2.7,24.9,24.9,100.0,1006.8,1006.4,1006.4,4070,3700,3460,4070,,M,M,,,278,SCT003,BKN160,,,BR,24.9,100.0,,239,1.5,1498
2023-01-25 23:18:15,2.1,215,,1.9,1529,1.9,231,189.0,266.0,2.9,24.9,24.9,100.0,1006.8,1006.5,1006.4,3690,3700,3460,4070,,M,M,,,573,SCT003,BKN160,,,BR,24.9,100.0,,215,2.1,1529
2023-01-25 23:19:15,2.1,216,,1.9,1556,1.9,231,189.0,266.0,2.9,24.9,24.9,100.0,1006.8,1006.5,1006.4,4370,3700,3460,4370,,M,M,,,0,SCT003,BKN160,,,BR,24.9,100.0,,216,2.1,1556
2023-01-25 23:20:15,1.5,220,,1.3,1579,1.8,229,189.0,266.0,2.9,24.9,24.9,100.0,1006.8,1006.5,1006.4,4020,3700,3460,4370,,M,M,,,0,SCT003,BKN160,,,BR,24.9,100.0,,220,1.5,1579
2023-01-25 23:21:15,1.4,213,,1.3,1600,1.8,226,189.0,266.0,2.9,24.9,24.9,100.0,1006.8,1006.5,1006.5,4170,3800,3460,4370,,M,M,,,15621,SCT003,BKN160,,,BR,24.9,100.0,,213,1.4,1600
2023-01-25 23:22:15,1.6,206,,1.5,1617,1.7,224,189.0,266.0,2.9,25.0,25.0,100.0,1006.8,1006.5,1006.5,4170,3900,3480,4370,,M,M,,,0,SCT003,BKN160,,,BR,25.0,100.0,,206,1.6,1617
2023-01-25 23:23:15,1.5,213,,1.4,1630,1.7,223,189.0,266.0,2.9,25.0,25.0,100.0,1006.8,1006.6,1006.5,4350,4000,3690,4370,,M,M,,,0,SCT003,BKN160,,,BR,25.0,100.0,,213,1.5,1630
2023-01-25 23:24:15,1.3,219,,1.1,1644,1.6,221,189.0,266.0,2.9,25.0,25.0,100.0,1006.8,1006.6,1006.5,4480,4000,3690,4480,,M,M,,,0,SCT003,BKN160,,,BR,25.0,100.0,,219,1.3,1644
2023-01-25 23:25:15,0.9,221,,0.8,1658,1.5,220,189.0,266.0,2.9,25.0,25.0,100.0,1007.1,1006.6,1006.6,4000,4000,3690,4480,,M,M,,,0,SCT003,BKN160,,,BR,25.0,100.0,,221,0.9,1658
2023-01-25 23:26:15,0.7,214,,0.6,1670,1.4,215,179.0,245.0,2.9,25.1,25.1,100.0,1007.1,1006.6,1006.6,3800,4000,3690,4480,,M,M,,,13966,SCT003,BKN160,,,BR,25.1,100.0,,214,0.7,1670
2023-01-25 23:27:15,0.6,195,,0.6,1682,1.3,212,164.0,245.0,2.9,25.1,25.1,100.0,1007.1,1006.7,1006.6,4450,4100,3690,4480,,M,M,,,13933,SCT003,SCT140,BKN160,,BR,25.1,100.0,,195,0.6,1682
2023-01-25 23:28:15,0.3,221,,0.3,1689,1.1,216,164.0,1.0,2.2,25.1,25.1,100.0,1007.1,1006.7,1006.6,4140,4100,3800,4480,,M,M,,,14015,FEW003,SCT140,BKN160,,BR,25.1,100.0,,221,0.3,1689
2023-01-25 23:29:15,0.4,268,,0.1,1696,1.0,220,164.0,1.0,1.8,25.2,25.2,100.0,1007.1,1006.7,1006.7,4370,4100,3800,4480,,M,M,,,0,FEW003,SCT140,BKN160,,BR,25.2,100.0,,268,0.4,1696
2023-01-25 23:30:15,0.8,255,,0.3,1707,0.9,223,164.0,1.0,1.8,25.2,25.2,100.0,1007.1,1006.7,1006.7,4450,4200,3800,4480,,M,M,,,14047,FEW003,SCT140,BKN160,,BR,25.2,100.0,,255,0.8,1707
2023-01-25 23:31:15,0.9,259,,0.3,1721,0.9,230,164.0,1.0,1.8,25.2,25.2,100.0,1007.1,1006.8,1006.7,4640,4200,3800,4640,,M,M,,,14113,FEW003,SCT140,BKN160,,BR,25.2,100.0,,259,0.9,1721
2023-01-25 23:32:15,1.0,273,,0.1,1737,0.8,238,164.0,1.0,1.8,25.2,25.2,100.0,1007.1,1006.8,1006.7,4130,4200,3800,4640,,M,M,,,14113,FEW003,SCT140,BKN160,,BR,25.2,100.0,,273,1.0,1737
2023-01-25 23:33:15,1.4,281,,0.0,1754,0.9,245,164.0,1.0,2.3,25.2,25.2,100.0,1007.1,1006.8,1006.8,4720,4200,3800,4720,,M,M,,,0,FEW003,SCT140,BKN160,,BR,25.2,100.0,,281,1.4,1754
2023-01-25 23:34:15,2.2,285,,0.2,1764,1.0,253,164.0,1.0,3.2,25.2,25.2,100.0,1007.1,1006.8,1006.8,4640,4300,3800,4720,,M,M,,,0,FEW003,SCT140,BKN160,,BR,25.2,100.0,,285,2.2,1764
2023-01-25 23:35:15,2.7,280,,0.0,1773,1.2,259,164.0,1.0,3.3,25.2,25.2,100.0,1007.1,1006.9,1006.8,5020,4400,3800,5020,,M,M,,,0,FEW003,SCT140,BKN160,,BR,25.2,100.0,,280,2.7,1773
2023-01-25 23:36:15,2.7,270,,0.5,1786,1.4,265,164.0,1.0,3.3,25.2,25.2,100.0,1007.1,1006.9,1006.8,5110,4500,4130,5110,,M,M,,,14146,FEW003,SCT140,BKN160,,BR,25.2,100.0,,270,2.7,1786
2023-01-25 23:37:15,2.8,262,,0.9,1795,1.6,270,207.0,1.0,3.3,25.3,25.3,100.0,1007.1,1006.9,1006.8,4710,4500,4130,5110,,M,M,,,0,FEW003,SCT140,BKN160,,BR,25.3,100.0,,262,2.8,1795
2023-01-25 23:38:15,2.9,258,,1.1,1800,1.9,268,238.0,299.0,3.3,25.3,25.3,100.0,1007.1,1006.9,1006.9,4520,4600,4130,5110,,M,M,,,0,FEW003,SCT140,BKN160,,BR,25.3,100.0,,258,2.9,1800
2023-01-25 23:39:15,2.8,258,,1.0,1805,2.1,268,238.0,299.0,3.3,25.4,25.4,100.0,1007.5,1007.0,1006.9,4590,4600,4130,5110,,M,M,,,0,FEW003,SCT140,SCT160,,BR,25.4,100.0,,258,2.8,1805
2023-01-25 23:40:15,2.3,265,,0.6,1817,2.2,270,252.0,299.0,3.3,25.4,25.4,100.0,1007.5,1007.0,1006.9,4720,4600,4130,5110,,M,M,,,0,FEW003,SCT140,SCT160,,BR,25.4,100.0,,265,2.3,1817
2023-01-25 23:41:15,1.9,273,,0.2,1841,2.3,271,252.0,299.0,3.3,25.4,25.4,100.0,1007.5,1007.0,1007.0,4410,4600,4130,5110,,M,M,,,0,FEW003,SCT140,SCT160,,BR,25.4,100.0,,273,1.9,1841
2023-01-25 23:42:15,1.7,277,,0.1,1872,2.4,271,252.0,299.0,3.3,25.4,25.4,100.0,1007.5,1007.0,1007.0,4240,4600,4240,5110,,M,M,,,15671,FEW003,SCT140,SCT160,,BR,25.4,100.0,,277,1.7,1872
2023-01-25 23:43:15,1.8,276,,0.1,1905,2.4,270,252.0,299.0,3.3,25.5,25.5,100.0,1007.5,1007.1,1007.0,4550,4600,4240,5110,,M,M,,,15130,FEW140,SCT160,,,BR,25.5,100.0,,276,1.8,1905
2023-01-25 23:44:15,2.2,276,,0.2,1939,2.4,269,252.0,291.0,3.3,25.5,25.5,100.0,1007.5,1007.1,1007.0,4380,4600,4240,5110,,M,M,,,15358,SCT140,SCT160,,,BR,25.5,100.0,,276,2.2,1939
2023-01-25 23:45:15,2.4,270,,0.4,1981,2.3,268,252.0,291.0,3.1,25.5,25.5,100.0,1007.5,1007.1,1007.0,4130,4500,4130,5110,,M,M,,,15260,SCT140,SCT160,,,BR,25.5,100.0,,270,2.4,1981
2023-01-25 23:46:15,2.4,272,,0.3,2029,2.3,269,252.0,291.0,3.1,25.6,25.6,100.0,1007.5,1007.0,1007.0,3770,4300,3770,4720,,M,M,,,15179,SCT150,,,,BR,25.6,100.0,,272,2.4,2029
2023-01-25 23:47:15,2.5,275,,0.2,2080,2.3,271,252.0,291.0,3.0,25.7,25.7,100.0,1007.5,1007.0,1007.0,4390,4300,3770,4720,,M,M,,,0,SCT150,,,,BR,25.7,100.0,,275,2.5,2080
2023-01-25 23:48:15,2.5,277,,0.1,2139,2.2,273,255.0,294.0,3.3,25.7,25.7,100.0,1007.5,1007.0,1006.9,4180,4300,3770,4720,,M,M,,,15572,BKN150,,,,BR,25.7,100.0,,277,2.5,2139
2023-01-25 23:49:15,2.7,276,,0.2,2200,2.3,274,257.0,294.0,3.3,25.7,25.7,100.0,1007.5,1007.0,1007.0,4230,4200,3770,4720,,M,M,,,15260,BKN150,,,,BR,25.7,100.0,,276,2.7,2200
2023-01-25 23:50:15,3.0,265,,0.8,2267,2.4,273,252.0,294.0,3.6,25.7,25.7,100.0,1007.5,1007.0,1007.0,4120,4200,3770,4550,,M,M,,,278,BKN150,,,,BR,25.7,100.0,,265,3.0,2267
2023-01-25 23:51:15,3.3,258,,1.2,2333,2.5,271,248.0,294.0,3.8,25.8,25.8,100.0,1007.5,1007.1,1007.0,3670,4100,3670,4550,,M,M,,,262,FEW003,BKN150,,,BR,25.8,100.0,,258,3.3,2333
2023-01-25 23:52:15,3.0,263,,0.9,2390,2.6,270,248.0,294.0,3.8,25.8,25.8,100.0,1007.5,1007.1,1007.0,3980,4100,3670,4550,,M,M,,,15506,FEW003,BKN150,,,BR,25.8,100.0,,263,3.0,2390
2023-01-25 23:53:15,2.7,274,,0.3,2442,2.7,271,248.0,294.0,3.8,25.9,25.9,100.0,1007.5,1007.1,1007.0,3670,4000,3670,4390,,M,M,,,15572,FEW003,BKN150,,,BR,25.9,100.0,,274,2.7,2442
2023-01-25 23:54:15,2.8,279,,0.0,2487,2.8,271,248.0,294.0,3.8,25.9,25.9,100.0,1007.5,1007.1,1007.0,4530,4000,3670,4530,,M,M,,,15244,FEW003,BKN150,,,BR,25.9,100.0,,279,2.8,2487
2023-01-25 23:55:15,3.2,288,,0.4,2534,2.9,274,248.0,300.0,4.0,26.0,26.0,100.0,1007.5,1007.1,1007.0,4670,4000,3670,4670,,M,M,,,15097,FEW003,BKN150,,,BR,26.0,100.0,,288,3.2,2534
2023-01-25 23:56:15,3.7,294,,0.9,2595,3.0,275,248.0,300.0,4.1,26.0,26.0,100.0,1007.5,1007.0,1007.0,5240,4200,3670,5240,,M,M,,,15063,FEW003,BKN150,,,BR,26.0,100.0,,294,3.7,2595
2023-01-25 23:57:15,3.8,285,,0.3,2648,3.1,276,248.0,300.0,4.6,26.0,26.0,100.0,1007.5,1007.0,1007.0,5420,4300,3670,5420,,M,M,,,15097,FEW003,BKN150,,,BR,26.0,100.0,,285,3.8,2648
2023-01-25 23:58:15,4.2,275,,0.4,2705,3.3,275,248.0,300.0,5.3,26.0,26.0,100.0,1007.5,1007.0,1007.0,5240,4300,3670,5420,,M,M,,,15425,FEW003,BKN150,,,BR,26.0,100.0,,275,4.2,2705
2023-01-25 23:59:15,4.8,273,,0.6,2762,3.6,275,248.0,300.0,5.9,26.0,26.0,100.0,1007.5,1007.0,1007.0,5030,4400,3670,5420,,M,M,,,15556,FEW003,BKN150,,,BR,26.0,100.0,,273,4.8,2762
